1 1 2 0 160 162
1 1 3 0 432 432
1 1 4 0 432 432
1 1 5 1 192 192
1 1 6 1 192 192
1 1 7 1 192 192
1 1 8 1 192 192
1 1 9 1 164 164
1 2 0 0 307 288
1 2 1 0 160 162
1 2 2 0 307 300
1 2 3 0 432 432
1 2 4 0 432 432
1 2 5 0 432 432
1 2 6 1 192 192
1 2 7 1 192 192
1 2 8 1 192 192
1 2 9 1 226 192
1 3 0 0 432 432
1 3 1 0 432 432
1 3 2 0 432 432
1 3 3 0 432 432
1 3 4 0 432 432
1 3 5 0 432 432
1 3 6 1 192 192
1 3 7 1 192 192
1 3 8 1 192 192
1 3 9 1 192 192
1 3 10 1 100 92
1 4 0 0 432 432
1 4 1 0 432 432
1 4 2 0 432 432
1 4 3 0 432 432
1 4 4 0 432 432
1 4 5 0 432 192
1 4 6 1 192 192
1 4 7 1 192 192
1 4 8 1 192 192
1 4 9 1 192 192
1 4 10 1 164 164
1 5 0 1 192 192
1 5 1 0 432 192
1 5 2 0 432 432
1 5 3 0 432 432
1 5 4 1 192 192
1 5 5 1 192 192
1 5 6 1 192 192
1 5 7 1 192 192
1 5 8 1 192 192
1 5 9 1 192 192
1 5 10 1 100 100
1 6 0 1 192 192
1 6 1 1 192 192
1 6 2 1 192 192
1 6 3 1 192 192
1 6 4 1 192 192
1 6 5 1 192 192
1 6 6 1 192 192
1 6 7 1 192 192
1 6 8 1 192 192
1 6 9 1 192 192
1 6 10 1 164 164
1 7 0 1 192 192
1 7 1 1 192 192
1 7 2 1 192 192
1 7 3 1 192 192
1 7 4 1 192 192
1 7 5 1 192 192
1 7 6 1 192 192
1 7 7 1 192 192
1 7 8 1 192 192
1 7 9 1 226 192
1 7 10 1 100 100
1 8 0 1 226 192
1 8 1 1 192 192
1 8 2 1 192 192
1 8 3 1 192 192
1 8 4 1 192 192
1 8 5 1 192 192
1 8 6 1 192 192
1 8 7 1 192 192
1 8 8 1 226 192
1 8 9 1 192 192
1 9 1 1 192 192
1 9 2 1 226 192
1 9 3 1 192 192
1 9 4 1 192 192
1 9 5 1 192 192
1 9 6 1 192 192
1 9 7 1 226 192
1 9 8 1 164 164
1 10 3 1 100 92
1 10 4 1 164 164
1 10 5 1 100 93
1 10 6 1 164 164
1 10 7 1 100 100
2 1 2 0 160 162
2 1 3 0 432 432
2 1 4 0 432 432
2 1 5 1 192 192
2 1 6 1 192 192
2 1 7 1 192 192
2 1 8 1 192 192
2 1 9 1 100 92
2 2 0 0 307 288
2 2 1 0 160 162
2 2 2 0 307 300
2 2 3 0 432 432
2 2 4 0 432 432
2 2 5 0 432 432
2 2 6 1 192 192
2 2 7 1 192 192
2 2 8 1 192 192
2 2 9 1 164 164
2 3 0 0 432 432
2 3 1 0 432 432
2 3 2 0 432 432
2 3 3 0 432 432
2 3 4 0 432 432
2 3 5 0 432 432
2 3 6 1 192 192
2 3 7 1 192 192
2 3 8 1 192 192
2 3 9 1 226 192
2 4 0 0 432 432
2 4 1 0 432 432
2 4 2 0 432 432
2 4 3 0 432 432
2 4 4 0 432 432
2 4 5 0 432 192
2 4 6 1 192 192
2 4 7 1 192 192
2 4 8 1 192 192
2 4 9 1 192 192
2 5 0 1 192 192
2 5 1 0 432 192
2 5 2 0 432 432
2 5 3 0 432 432
2 5 4 1 192 192
2 5 5 1 192 192
2 5 6 1 192 192
2 5 7 1 192 192
2 5 8 1 192 192
2 5 9 1 226 192
2 6 0 1 192 192
2 6 1 1 192 192
2 6 2 1 192 192
2 6 3 1 192 192
2 6 4 1 192 192
2 6 5 1 192 192
2 6 6 1 192 192
2 6 7 1 192 192
2 6 8 1 192 192
2 6 9 1 226 192
2 7 0 1 192 192
2 7 1 1 192 192
2 7 2 1 192 192
2 7 3 1 192 192
2 7 4 1 192 192
2 7 5 1 192 192
2 7 6 1 192 192
2 7 7 1 192 192
2 7 8 1 192 192
2 7 9 1 164 164
2 8 0 1 192 192
2 8 1 1 192 192
2 8 2 1 192 192
2 8 3 1 192 192
2 8 4 1 192 192
2 8 5 1 192 192
2 8 6 1 192 192
2 8 7 1 192 192
2 8 8 1 192 192
2 8 9 1 100 100
2 9 1 1 100 92
2 9 2 1 164 164
2 9 3 1 226 192
2 9 4 1 226 192
2 9 5 1 192 192
2 9 6 1 226 192
2 9 7 1 164 164
2 9 8 1 100 100
3 1 2 0 160 162
3 1 3 0 432 432
3 1 4 0 432 432
3 1 5 1 192 192
3 1 6 1 192 192
3 1 7 1 192 192
3 1 8 1 192 192
3 1 9 1 164 164
3 2 0 0 307 288
3 2 1 0 160 162
3 2 2 0 307 300
3 2 3 0 432 432
3 2 4 0 432 432
3 2 5 0 432 432
3 2 6 1 192 192
3 2 7 1 192 192
3 2 8 1 192 192
3 2 9 1 226 192
3 3 0 0 432 432
3 3 1 0 432 432
3 3 2 0 432 432
3 3 3 0 432 432
3 3 4 0 432 432
3 3 5 0 432 432
3 3 6 1 192 192
3 3 7 1 192 192
3 3 8 1 192 192
3 3 9 1 192 192
3 3 10 1 100 92
3 4 0 0 432 432
3 4 1 0 432 432
3 4 2 0 432 432
3 4 3 0 432 432
3 4 4 0 432 432
3 4 5 0 432 192
3 4 6 1 192 192
3 4 7 1 192 192
3 4 8 1 192 192
3 4 9 1 192 192
3 4 10 1 164 164
3 5 0 1 192 192
3 5 1 0 432 192
3 5 2 0 432 432
3 5 3 0 432 432
3 5 4 1 192 192
3 5 5 1 192 192
3 5 6 1 192 192
3 5 7 1 192 192
3 5 8 1 192 192
3 5 9 1 192 192
3 5 10 1 100 100
3 6 0 1 192 192
3 6 1 1 192 192
3 6 2 1 192 192
3 6 3 1 192 192
3 6 4 1 192 192
3 6 5 1 192 192
3 6 6 1 192 192
3 6 7 1 192 192
3 6 8 1 192 192
3 6 9 1 192 192
3 6 10 1 164 164
3 7 0 1 192 192
3 7 1 1 192 192
3 7 2 1 192 192
3 7 3 1 192 192
3 7 4 1 192 192
3 7 5 1 192 192
3 7 6 1 192 192
3 7 7 1 192 192
3 7 8 1 192 192
3 7 9 1 226 192
3 7 10 1 100 100
3 8 0 1 226 192
3 8 1 1 192 192
3 8 2 1 192 192
3 8 3 1 192 192
3 8 4 1 192 192
3 8 5 1 192 192
3 8 6 1 192 192
3 8 7 1 192 192
3 8 8 1 192 192
3 8 9 1 226 192
3 9 1 1 192 192
3 9 2 1 226 192
3 9 3 1 192 192
3 9 4 1 192 192
3 9 5 1 192 192
3 9 6 1 192 192
3 9 7 1 226 192
3 9 8 1 164 164
3 10 3 1 100 92
3 10 4 1 164 164
3 10 5 1 100 93
3 10 6 1 164 164
3 10 7 1 100 100
4 1 2 0 160 162
4 1 3 0 432 432
4 1 4 0 432 432
4 1 5 1 192 192
4 1 6 1 192 192
4 1 7 1 192 192
4 1 8 1 192 192
4 1 9 1 100 92
4 2 0 0 307 288
4 2 1 0 160 162
4 2 2 0 307 300
4 2 3 0 432 432
4 2 4 0 432 432
4 2 5 0 432 432
4 2 6 1 192 192
4 2 7 1 192 192
4 2 8 1 192 192
4 2 9 1 226 192
4 3 0 0 432 432
4 3 1 0 432 432
4 3 2 0 432 432
4 3 3 0 432 432
4 3 4 0 432 432
4 3 5 0 432 432
4 3 6 1 192 192
4 3 7 1 192 192
4 3 8 1 192 192
4 3 9 1 192 192
4 4 0 0 432 432
4 4 1 0 432 432
4 4 2 0 432 432
4 4 3 0 432 432
4 4 4 0 432 432
4 4 5 0 432 192
4 4 6 1 192 192
4 4 7 1 192 192
4 4 8 1 192 192
4 4 9 1 192 192
4 4 10 1 100 100
4 5 0 1 192 192
4 5 1 0 432 192
4 5 2 0 432 432
4 5 3 0 432 432
4 5 4 1 192 192
4 5 5 1 192 192
4 5 6 1 192 192
4 5 7 1 192 192
4 5 8 1 192 192
4 5 9 1 192 192
4 5 10 1 100 100
4 6 0 1 192 192
4 6 1 1 192 192
4 6 2 1 192 192
4 6 3 1 192 192
4 6 4 1 192 192
4 6 5 1 192 192
4 6 6 1 192 192
4 6 7 1 192 192
4 6 8 1 192 192
4 6 9 1 226 192
4 6 10 1 100 100
4 7 0 1 192 192
4 7 1 1 192 192
4 7 2 1 192 192
4 7 3 1 192 192
4 7 4 1 192 192
4 7 5 1 192 192
4 7 6 1 192 192
4 7 7 1 192 192
4 7 8 1 192 192
4 7 9 1 192 192
4 8 0 1 192 192
4 8 1 1 192 192
4 8 2 1 192 192
4 8 3 1 192 192
4 8 4 1 192 192
4 8 5 1 192 192
4 8 6 1 192 192
4 8 7 1 192 192
4 8 8 1 192 192
4 8 9 1 100 100
4 9 1 1 100 92
4 9 2 1 192 192
4 9 3 1 226 192
4 9 4 1 192 192
4 9 5 1 192 192
4 9 6 1 192 192
4 9 7 1 226 192
4 9 8 1 100 100
4 10 4 1 100 92
4 10 5 1 100 92
4 10 6 1 100 93
5 1 2 0 160 162
5 1 3 0 432 432
5 1 4 0 432 432
5 1 5 1 192 192
5 1 6 1 192 192
5 1 7 1 192 192
5 1 8 1 192 192
5 1 9 1 164 164
5 2 0 0 307 288
5 2 1 0 160 162
5 2 2 0 307 300
5 2 3 0 432 432
5 2 4 0 432 432
5 2 5 0 432 432
5 2 6 1 192 192
5 2 7 1 192 192
5 2 8 1 192 192
5 2 9 1 226 192
5 3 0 0 432 432
5 3 1 0 432 432
5 3 2 0 432 432
5 3 3 0 432 432
5 3 4 0 432 432
5 3 5 0 432 432
5 3 6 1 192 192
5 3 7 1 192 192
5 3 8 1 192 192
5 3 9 1 192 192
5 3 10 1 100 92
5 4 0 0 432 432
5 4 1 0 432 432
5 4 2 0 432 432
5 4 3 0 432 432
5 4 4 0 432 432
5 4 5 0 432 192
5 4 6 1 192 192
5 4 7 1 192 192
5 4 8 1 192 192
5 4 9 1 192 192
5 4 10 1 164 164
5 5 0 1 192 192
5 5 1 0 432 192
5 5 2 0 432 432
5 5 3 0 432 432
5 5 4 1 192 192
5 5 5 1 192 192
5 5 6 1 192 192
5 5 7 1 192 192
5 5 8 1 192 192
5 5 9 1 192 192
5 5 10 1 100 100
5 6 0 1 192 192
5 6 1 1 192 192
5 6 2 1 192 192
5 6 3 1 192 192
5 6 4 1 192 192
5 6 5 1 192 192
5 6 6 1 192 192
5 6 7 1 192 192
5 6 8 1 192 192
5 6 9 1 192 192
5 6 10 1 164 164
5 7 0 1 192 192
5 7 1 1 192 192
5 7 2 1 192 192
5 7 3 1 192 192
5 7 4 1 192 192
5 7 5 1 192 192
5 7 6 1 192 192
5 7 7 1 192 192
5 7 8 1 192 192
5 7 9 1 226 192
5 7 10 1 100 100
5 8 0 1 226 192
5 8 1 1 192 192
5 8 2 1 192 192
5 8 3 1 192 192
5 8 4 1 192 192
5 8 5 1 192 192
5 8 6 1 192 192
5 8 7 1 192 192
5 8 8 1 192 192
5 8 9 1 226 192
5 9 1 1 192 192
5 9 2 1 226 192
5 9 3 1 192 192
5 9 4 1 192 192
5 9 5 1 192 192
5 9 6 1 192 192
5 9 7 1 226 192
5 9 8 1 164 164
5 10 3 1 100 92
5 10 4 1 164 164
5 10 5 1 100 93
5 10 6 1 164 164
5 10 7 1 100 100
6 1 2 0 160 162
6 1 3 0 432 432
6 1 4 0 432 432
6 1 5 1 192 192
6 1 6 1 192 192
6 1 7 1 192 192
6 1 8 1 192 192
6 1 9 1 100 92
6 2 0 0 307 288
6 2 1 0 160 162
6 2 2 0 307 300
6 2 3 0 432 432
6 2 4 0 432 432
6 2 5 0 432 432
6 2 6 1 192 192
6 2 7 1 192 192
6 2 8 1 192 192
6 2 9 1 192 192
6 3 0 0 432 432
6 3 1 0 432 432
6 3 2 0 432 432
6 3 3 0 432 432
6 3 4 0 432 432
6 3 5 0 432 432
6 3 6 1 192 192
6 3 7 1 192 192
6 3 8 1 192 192
6 3 9 1 226 192
6 4 0 0 432 432
6 4 1 0 432 432
6 4 2 0 432 432
6 4 3 0 432 432
6 4 4 0 432 432
6 4 5 0 432 192
6 4 6 1 192 192
6 4 7 1 192 192
6 4 8 1 192 192
6 4 9 1 192 192
6 4 10 1 100 100
6 5 0 1 192 192
6 5 1 0 432 192
6 5 2 0 432 432
6 5 3 0 432 432
6 5 4 1 192 192
6 5 5 1 192 192
6 5 6 1 192 192
6 5 7 1 192 192
6 5 8 1 192 192
6 5 9 1 192 192
6 5 10 1 100 100
6 6 0 1 192 192
6 6 1 1 192 192
6 6 2 1 192 192
6 6 3 1 192 192
6 6 4 1 192 192
6 6 5 1 192 192
6 6 6 1 192 192
6 6 7 1 192 192
6 6 8 1 192 192
6 6 9 1 226 192
6 6 10 1 100 100
6 7 0 1 192 192
6 7 1 1 192 192
6 7 2 1 192 192
6 7 3 1 192 192
6 7 4 1 192 192
6 7 5 1 192 192
6 7 6 1 192 192
6 7 7 1 192 192
6 7 8 1 192 192
6 7 9 1 192 192
6 8 0 1 192 192
6 8 1 1 192 192
6 8 2 1 192 192
6 8 3 1 192 192
6 8 4 1 192 192
6 8 5 1 192 192
6 8 6 1 192 192
6 8 7 1 192 192
6 8 8 1 192 192
6 8 9 1 100 100
6 9 1 1 100 92
6 9 2 1 192 192
6 9 3 1 226 192
6 9 4 1 192 192
6 9 5 1 192 192
6 9 6 1 226 192
6 9 7 1 192 192
6 9 8 1 100 100
6 10 4 1 100 92
6 10 5 1 100 92
6 10 6 1 100 93
7 1 2 0 160 162
7 1 3 0 432 432
7 1 4 0 432 432
7 1 5 1 192 192
7 1 6 1 192 192
7 1 7 1 192 192
7 1 8 1 192 192
7 1 9 1 164 164
7 2 0 0 307 288
7 2 1 0 160 162
7 2 2 0 307 300
7 2 3 0 432 432
7 2 4 0 432 432
7 2 5 0 432 432
7 2 6 1 192 192
7 2 7 1 192 192
7 2 8 1 192 192
7 2 9 1 226 192
7 3 0 0 432 432
7 3 1 0 432 432
7 3 2 0 432 432
7 3 3 0 432 432
7 3 4 0 432 432
7 3 5 0 432 432
7 3 6 1 192 192
7 3 7 1 192 192
7 3 8 1 192 192
7 3 9 1 192 192
7 3 10 1 100 92
7 4 0 0 432 432
7 4 1 0 432 432
7 4 2 0 432 432
7 4 3 0 432 432
7 4 4 0 432 432
7 4 5 0 432 192
7 4 6 1 192 192
7 4 7 1 192 192
7 4 8 1 192 192
7 4 9 1 192 192
7 4 10 1 164 164
7 5 0 1 192 192
7 5 1 0 432 192
7 5 2 0 432 432
7 5 3 0 432 432
7 5 4 1 192 192
7 5 5 1 192 192
7 5 6 1 192 192
7 5 7 1 192 192
7 5 8 1 192 192
7 5 9 1 192 192
7 5 10 1 100 100
7 6 0 1 192 192
7 6 1 1 192 192
7 6 2 1 192 192
7 6 3 1 192 192
7 6 4 1 192 192
7 6 5 1 192 192
7 6 6 1 192 192
7 6 7 1 192 192
7 6 8 1 192 192
7 6 9 1 192 192
7 6 10 1 164 164
7 7 0 1 192 192
7 7 1 1 192 192
7 7 2 1 192 192
7 7 3 1 192 192
7 7 4 1 192 192
7 7 5 1 192 192
7 7 6 1 192 192
7 7 7 1 192 192
7 7 8 1 192 192
7 7 9 1 226 192
7 7 10 1 100 100
7 8 0 1 226 192
7 8 1 1 192 192
7 8 2 1 192 192
7 8 3 1 192 192
7 8 4 1 192 192
7 8 5 1 192 192
7 8 6 1 192 192
7 8 7 1 192 192
7 8 8 1 226 192
7 8 9 1 192 192
7 9 1 1 192 192
7 9 2 1 226 192
7 9 3 1 192 192
7 9 4 1 192 192
7 9 5 1 192 192
7 9 6 1 192 192
7 9 7 1 226 192
7 9 8 1 164 164
7 10 3 1 100 92
7 10 4 1 164 164
7 10 5 1 100 93
7 10 6 1 164 164
7 10 7 1 100 100
8 1 2 0 160 162
8 1 3 0 432 432
8 1 4 0 432 432
8 1 5 1 192 192
8 1 6 1 192 192
8 1 7 1 192 192
8 1 8 1 192 192
8 1 9 1 100 92
8 2 0 0 307 288
8 2 1 0 160 162
8 2 2 0 307 300
8 2 3 0 432 432
8 2 4 0 432 432
8 2 5 0 432 432
8 2 6 1 192 192
8 2 7 1 192 192
8 2 8 1 192 192
8 2 9 1 192 192
8 3 0 0 432 432
8 3 1 0 432 432
8 3 2 0 432 432
8 3 3 0 432 432
8 3 4 0 432 432
8 3 5 0 432 432
8 3 6 1 192 192
8 3 7 1 192 192
8 3 8 1 192 192
8 3 9 1 192 192
8 3 10 1 100 100
8 4 0 0 432 432
8 4 1 0 432 432
8 4 2 0 432 432
8 4 3 0 432 432
8 4 4 0 432 432
8 4 5 0 432 192
8 4 6 1 192 192
8 4 7 1 192 192
8 4 8 1 192 192
8 4 9 1 192 192
8 4 10 1 100 100
8 5 0 1 192 192
8 5 1 0 432 192
8 5 2 0 432 432
8 5 3 0 432 432
8 5 4 1 192 192
8 5 5 1 192 192
8 5 6 1 192 192
8 5 7 1 192 192
8 5 8 1 192 192
8 5 9 1 192 192
8 5 10 1 100 100
8 6 0 1 192 192
8 6 1 1 192 192
8 6 2 1 192 192
8 6 3 1 192 192
8 6 4 1 192 192
8 6 5 1 192 192
8 6 6 1 192 192
8 6 7 1 192 192
8 6 8 1 192 192
8 6 9 1 192 192
8 6 10 1 100 100
8 7 0 1 192 192
8 7 1 1 192 192
8 7 2 1 192 192
8 7 3 1 192 192
8 7 4 1 192 192
8 7 5 1 192 192
8 7 6 1 192 192
8 7 7 1 192 192
8 7 8 1 192 192
8 7 9 1 192 192
8 7 10 1 100 100
8 8 0 1 192 192
8 8 1 1 192 192
8 8 2 1 192 192
8 8 3 1 192 192
8 8 4 1 192 192
8 8 5 1 192 192
8 8 6 1 192 192
8 8 7 1 192 192
8 8 8 1 192 192
8 8 9 1 100 100
8 9 1 1 100 92
8 9 2 1 192 192
8 9 3 1 192 192
8 9 4 1 192 192
8 9 5 1 192 192
8 9 6 1 192 192
8 9 7 1 192 192
8 9 8 1 100 100
8 10 3 1 100 92
8 10 4 1 100 92
8 10 5 1 100 92
8 10 6 1 100 93
8 10 7 1 100 100
9 1 2 0 160 162
9 1 3 0 432 432
9 1 4 0 432 432
9 1 5 1 192 192
9 1 6 1 192 192
9 1 7 1 192 192
9 1 8 1 192 192
9 1 9 1 192 192
9 2 0 0 307 288
9 2 1 0 160 162
9 2 2 0 307 300
9 2 3 0 432 432
9 2 4 0 432 432
9 2 5 0 432 432
9 2 6 1 192 192
9 2 7 1 192 192
9 2 8 1 192 192
9 2 9 1 192 192
9 2 10 1 100 92
9 3 0 0 432 432
9 3 1 0 432 432
9 3 2 0 432 432
9 3 3 0 432 432
9 3 4 0 432 432
9 3 5 0 432 432
9 3 6 1 192 192
9 3 7 1 192 192
9 3 8 1 192 192
9 3 9 1 192 192
9 3 10 1 164 164
9 4 0 0 432 432
9 4 1 0 432 432
9 4 2 0 432 432
9 4 3 0 432 432
9 4 4 0 432 432
9 4 5 0 432 192
9 4 6 1 192 192
9 4 7 1 192 192
9 4 8 1 192 192
9 4 9 1 192 192
9 4 10 1 192 192
9 5 0 1 192 192
9 5 1 0 432 192
9 5 2 0 432 432
9 5 3 0 432 432
9 5 4 1 192 192
9 5 5 1 192 192
9 5 6 1 192 192
9 5 7 1 192 192
9 5 8 1 192 192
9 5 9 1 192 192
9 5 10 1 100 100
9 6 0 1 192 192
9 6 1 1 192 192
9 6 2 1 192 192
9 6 3 1 192 192
9 6 4 1 192 192
9 6 5 1 192 192
9 6 6 1 192 192
9 6 7 1 192 192
9 6 8 1 192 192
9 6 9 1 192 192
9 6 10 1 192 192
9 7 0 1 192 192
9 7 1 1 192 192
9 7 2 1 192 192
9 7 3 1 192 192
9 7 4 1 192 192
9 7 5 1 192 192
9 7 6 1 192 192
9 7 7 1 192 192
9 7 8 1 192 192
9 7 9 1 192 192
9 7 10 1 164 164
9 8 0 1 192 192
9 8 1 1 192 192
9 8 2 1 192 192
9 8 3 1 192 192
9 8 4 1 192 192
9 8 5 1 192 192
9 8 6 1 192 192
9 8 7 1 192 192
9 8 8 1 192 192
9 8 9 1 192 192
9 8 10 1 100 100
9 9 0 1 100 92
9 9 1 1 192 192
9 9 2 1 192 192
9 9 3 1 192 192
9 9 4 1 192 192
9 9 5 1 192 192
9 9 6 1 192 192
9 9 7 1 192 192
9 9 8 1 192 192
9 9 9 1 100 100
9 10 2 1 100 92
9 10 3 1 164 164
9 10 4 1 192 192
9 10 5 1 100 93
9 10 6 1 192 192
9 10 7 1 164 164
9 10 8 1 100 100
10 1 2 0 160 162
10 1 3 0 432 432
10 1 4 0 432 432
10 1 5 1 192 192
10 1 6 1 192 192
10 1 7 1 192 192
10 1 8 1 192 192
10 1 9 1 164 164
10 2 0 0 307 288
10 2 1 0 160 162
10 2 2 0 307 300
10 2 3 0 432 432
10 2 4 0 432 432
10 2 5 0 432 432
10 2 6 1 192 192
10 2 7 1 192 192
10 2 8 1 192 192
10 2 9 1 192 192
10 3 0 0 432 432
10 3 1 0 432 432
10 3 2 0 432 432
10 3 3 0 432 432
10 3 4 0 432 432
10 3 5 0 432 432
10 3 6 1 192 192
10 3 7 1 192 192
10 3 8 1 192 192
10 3 9 1 192 192
10 3 10 1 100 100
10 4 0 0 432 432
10 4 1 0 432 432
10 4 2 0 432 432
10 4 3 0 432 432
10 4 4 0 432 432
10 4 5 0 432 192
10 4 6 1 192 192
10 4 7 1 192 192
10 4 8 1 192 192
10 4 9 1 192 192
10 4 10 1 100 100
10 5 0 1 192 192
10 5 1 0 432 192
10 5 2 0 432 432
10 5 3 0 432 432
10 5 4 1 192 192
10 5 5 1 192 192
10 5 6 1 192 192
10 5 7 1 192 192
10 5 8 1 192 192
10 5 9 1 192 192
10 5 10 1 100 100
10 6 0 1 192 192
10 6 1 1 192 192
10 6 2 1 192 192
10 6 3 1 192 192
10 6 4 1 192 192
10 6 5 1 192 192
10 6 6 1 192 192
10 6 7 1 192 192
10 6 8 1 192 192
10 6 9 1 192 192
10 6 10 1 100 100
10 7 0 1 192 192
10 7 1 1 192 192
10 7 2 1 192 192
10 7 3 1 192 192
10 7 4 1 192 192
10 7 5 1 192 192
10 7 6 1 192 192
10 7 7 1 192 192
10 7 8 1 192 192
10 7 9 1 192 192
10 7 10 1 100 100
10 8 0 1 192 192
10 8 1 1 192 192
10 8 2 1 192 192
10 8 3 1 192 192
10 8 4 1 192 192
10 8 5 1 192 192
10 8 6 1 192 192
10 8 7 1 192 192
10 8 8 1 192 192
10 8 9 1 164 164
10 9 0 1 100 92
10 9 1 1 164 164
10 9 2 1 192 192
10 9 3 1 192 192
10 9 4 1 192 192
10 9 5 1 192 192
10 9 6 1 192 192
10 9 7 1 192 192
10 9 8 1 164 164
10 9 9 1 100 100
10 10 3 1 100 92
10 10 4 1 100 92
10 10 5 1 100 93
10 10 6 1 100 93
10 10 7 1 100 100
11 1 2 0 160 162
11 1 3 0 432 432
11 1 4 0 432 432
11 1 5 0 432 192
11 1 6 1 192 192
11 1 7 1 192 192
11 1 8 1 192 192
11 1 9 1 192 192
11 2 0 0 307 288
11 2 1 0 160 162
11 2 2 0 307 300
11 2 3 0 432 432
11 2 4 0 432 432
11 2 5 0 432 432
11 2 6 1 192 192
11 2 7 1 192 192
11 2 8 1 192 192
11 2 9 1 192 192
11 2 10 1 100 92
11 3 0 0 432 432
11 3 1 0 432 432
11 3 2 0 432 432
11 3 3 0 432 432
11 3 4 0 432 432
11 3 5 0 432 432
11 3 6 1 192 192
11 3 7 1 192 192
11 3 8 1 192 192
11 3 9 1 192 192
11 3 10 1 164 164
11 4 0 0 432 432
11 4 1 0 432 432
11 4 2 0 432 432
11 4 3 0 432 432
11 4 4 0 432 432
11 4 5 0 432 192
11 4 6 1 192 192
11 4 7 1 192 192
11 4 8 1 192 192
11 4 9 1 192 192
11 4 10 1 192 192
11 5 0 1 192 192
11 5 1 0 432 192
11 5 2 0 432 432
11 5 3 0 432 432
11 5 4 0 432 192
11 5 5 1 192 192
11 5 6 1 192 192
11 5 7 1 192 192
11 5 8 1 192 192
11 5 9 1 192 192
11 5 10 1 100 100
11 6 0 1 192 192
11 6 1 1 192 192
11 6 2 1 192 192
11 6 3 1 192 192
11 6 4 1 192 192
11 6 5 1 192 192
11 6 6 1 192 192
11 6 7 1 192 192
11 6 8 1 192 192
11 6 9 1 192 192
11 6 10 1 192 192
11 7 0 1 192 192
11 7 1 1 192 192
11 7 2 1 192 192
11 7 3 1 192 192
11 7 4 1 192 192
11 7 5 1 192 192
11 7 6 1 192 192
11 7 7 1 192 192
11 7 8 1 192 192
11 7 9 1 192 192
11 7 10 1 164 164
11 8 0 1 192 192
11 8 1 1 192 192
11 8 2 1 192 192
11 8 3 1 192 192
11 8 4 1 192 192
11 8 5 1 192 192
11 8 6 1 192 192
11 8 7 1 192 192
11 8 8 1 192 192
11 8 9 1 192 192
11 8 10 1 100 100
11 9 0 1 100 92
11 9 1 1 192 192
11 9 2 1 192 192
11 9 3 1 192 192
11 9 4 1 192 192
11 9 5 1 192 192
11 9 6 1 192 192
11 9 7 1 192 192
11 9 8 1 192 192
11 9 9 1 100 100
11 10 2 1 100 92
11 10 3 1 164 164
11 10 4 1 192 192
11 10 5 1 100 93
11 10 6 1 192 192
11 10 7 1 164 164
11 10 8 1 100 100
12 1 2 0 160 162
12 1 3 0 432 432
12 1 4 0 432 432
12 1 5 0 432 192
12 1 6 1 192 192
12 1 7 1 192 192
12 1 8 1 192 192
12 1 9 1 164 164
12 2 0 0 307 288
12 2 1 0 160 162
12 2 2 0 307 300
12 2 3 0 432 432
12 2 4 0 432 432
12 2 5 0 432 432
12 2 6 1 192 192
12 2 7 1 192 192
12 2 8 1 192 192
12 2 9 1 192 192
12 3 0 0 432 432
12 3 1 0 432 432
12 3 2 0 432 432
12 3 3 0 432 432
12 3 4 0 432 432
12 3 5 0 432 432
12 3 6 1 192 192
12 3 7 1 192 192
12 3 8 1 192 192
12 3 9 1 192 192
12 3 10 1 100 92
12 4 0 0 432 432
12 4 1 0 432 432
12 4 2 0 432 432
12 4 3 0 432 432
12 4 4 0 432 432
12 4 5 0 432 192
12 4 6 1 192 192
12 4 7 1 192 192
12 4 8 1 192 192
12 4 9 1 192 192
12 4 10 1 164 164
12 5 0 1 192 192
12 5 1 0 432 192
12 5 2 0 432 432
12 5 3 0 432 432
12 5 4 0 432 192
12 5 5 1 192 192
12 5 6 1 192 192
12 5 7 1 192 192
12 5 8 1 192 192
12 5 9 1 192 192
12 5 10 1 100 100
12 6 0 1 192 192
12 6 1 1 192 192
12 6 2 1 192 192
12 6 3 1 192 192
12 6 4 1 192 192
12 6 5 1 192 192
12 6 6 1 192 192
12 6 7 1 192 192
12 6 8 1 192 192
12 6 9 1 192 192
12 6 10 1 164 164
12 7 0 1 192 192
12 7 1 1 192 192
12 7 2 1 192 192
12 7 3 1 192 192
12 7 4 1 192 192
12 7 5 1 192 192
12 7 6 1 192 192
12 7 7 1 192 192
12 7 8 1 192 192
12 7 9 1 192 192
12 7 10 1 100 100
12 8 0 1 192 192
12 8 1 1 192 192
12 8 2 1 192 192
12 8 3 1 192 192
12 8 4 1 192 192
12 8 5 1 192 192
12 8 6 1 192 192
12 8 7 1 192 192
12 8 8 1 192 192
12 8 9 1 164 164
12 9 0 1 100 92
12 9 1 1 164 164
12 9 2 1 192 192
12 9 3 1 192 192
12 9 4 1 192 192
12 9 5 1 192 192
12 9 6 1 192 192
12 9 7 1 192 192
12 9 8 1 164 164
12 9 9 1 100 100
12 10 3 1 100 92
12 10 4 1 164 164
12 10 5 1 100 93
12 10 6 1 164 164
12 10 7 1 100 100
13 1 2 0 160 162
13 1 3 0 432 432
13 1 4 0 432 432
13 1 5 0 432 192
13 1 6 1 192 192
13 1 7 1 192 192
13 1 8 1 192 192
13 1 9 1 192 192
13 2 0 0 307 288
13 2 1 0 160 162
13 2 2 0 307 300
13 2 3 0 432 432
13 2 4 0 432 432
13 2 5 0 432 432
13 2 6 1 192 192
13 2 7 1 192 192
13 2 8 1 192 192
13 2 9 1 192 192
13 2 10 1 100 92
13 3 0 0 432 432
13 3 1 0 432 432
13 3 2 0 432 432
13 3 3 0 432 432
13 3 4 0 432 432
13 3 5 0 432 432
13 3 6 1 192 192
13 3 7 1 192 192
13 3 8 1 192 192
13 3 9 1 192 192
13 3 10 1 164 164
13 4 0 0 432 432
13 4 1 0 432 432
13 4 2 0 432 432
13 4 3 0 432 432
13 4 4 0 432 432
13 4 5 0 432 192
13 4 6 1 192 192
13 4 7 1 192 192
13 4 8 1 192 192
13 4 9 1 192 192
13 4 10 1 192 192
13 5 0 1 192 192
13 5 1 0 432 192
13 5 2 0 432 432
13 5 3 0 432 432
13 5 4 0 432 192
13 5 5 1 192 192
13 5 6 1 192 192
13 5 7 1 192 192
13 5 8 1 192 192
13 5 9 1 192 192
13 5 10 1 164 164
13 6 0 1 192 192
13 6 1 1 192 192
13 6 2 1 192 192
13 6 3 1 192 192
13 6 4 1 192 192
13 6 5 1 192 192
13 6 6 1 192 192
13 6 7 1 192 192
13 6 8 1 192 192
13 6 9 1 192 192
13 6 10 1 192 192
13 7 0 1 192 192
13 7 1 1 192 192
13 7 2 1 192 192
13 7 3 1 192 192
13 7 4 1 192 192
13 7 5 1 192 192
13 7 6 1 192 192
13 7 7 1 192 192
13 7 8 1 192 192
13 7 9 1 192 192
13 7 10 1 164 164
13 8 0 1 192 192
13 8 1 1 192 192
13 8 2 1 192 192
13 8 3 1 192 192
13 8 4 1 192 192
13 8 5 1 192 192
13 8 6 1 192 192
13 8 7 1 192 192
13 8 8 1 192 192
13 8 9 1 192 192
13 8 10 1 100 100
13 9 0 1 100 92
13 9 1 1 192 192
13 9 2 1 192 192
13 9 3 1 192 192
13 9 4 1 192 192
13 9 5 1 192 192
13 9 6 1 192 192
13 9 7 1 192 192
13 9 8 1 192 192
13 9 9 1 100 100
13 10 2 1 100 92
13 10 3 1 164 164
13 10 4 1 192 192
13 10 5 1 164 164
13 10 6 1 192 192
13 10 7 1 164 164
13 10 8 1 100 100
14 1 2 0 160 162
14 1 3 0 432 432
14 1 4 0 432 432
14 1 5 0 432 192
14 1 6 1 192 192
14 1 7 1 192 192
14 1 8 1 192 192
14 1 9 1 192 192
14 2 0 0 307 288
14 2 1 0 160 162
14 2 2 0 307 300
14 2 3 0 432 432
14 2 4 0 432 432
14 2 5 0 432 432
14 2 6 1 192 192
14 2 7 1 192 192
14 2 8 1 192 192
14 2 9 1 226 192
14 3 0 0 432 432
14 3 1 0 432 432
14 3 2 0 432 432
14 3 3 0 432 432
14 3 4 0 432 432
14 3 5 0 432 432
14 3 6 1 192 192
14 3 7 1 192 192
14 3 8 1 192 192
14 3 9 1 192 192
14 3 10 1 100 100
14 4 0 0 432 432
14 4 1 0 432 432
14 4 2 0 432 432
14 4 3 0 432 432
14 4 4 0 432 432
14 4 5 0 432 192
14 4 6 1 192 192
14 4 7 1 192 192
14 4 8 1 192 192
14 4 9 1 192 192
14 4 10 1 164 164
14 5 0 1 192 192
14 5 1 0 432 192
14 5 2 0 432 432
14 5 3 0 432 432
14 5 4 0 432 192
14 5 5 1 192 192
14 5 6 1 192 192
14 5 7 1 192 192
14 5 8 1 192 192
14 5 9 1 192 192
14 5 10 1 164 164
14 6 0 1 192 192
14 6 1 1 192 192
14 6 2 1 192 192
14 6 3 1 192 192
14 6 4 1 192 192
14 6 5 1 192 192
14 6 6 1 192 192
14 6 7 1 192 192
14 6 8 1 192 192
14 6 9 1 192 192
14 6 10 1 164 164
14 7 0 1 192 192
14 7 1 1 192 192
14 7 2 1 192 192
14 7 3 1 192 192
14 7 4 1 192 192
14 7 5 1 192 192
14 7 6 1 192 192
14 7 7 1 192 192
14 7 8 1 192 192
14 7 9 1 226 192
14 7 10 1 100 100
14 8 0 1 192 192
14 8 1 1 192 192
14 8 2 1 192 192
14 8 3 1 192 192
14 8 4 1 192 192
14 8 5 1 192 192
14 8 6 1 192 192
14 8 7 1 192 192
14 8 8 1 192 192
14 8 9 1 192 192
14 9 0 1 100 92
14 9 1 1 192 192
14 9 2 1 226 192
14 9 3 1 192 192
14 9 4 1 192 192
14 9 5 1 192 192
14 9 6 1 192 192
14 9 7 1 226 192
14 9 8 1 192 192
14 9 9 1 100 100
14 10 3 1 100 92
14 10 4 1 164 164
14 10 5 1 164 164
14 10 6 1 164 164
14 10 7 1 100 100
15 1 2 0 160 162
15 1 3 0 432 432
15 1 4 0 432 432
15 1 5 0 432 192
15 1 6 1 192 192
15 1 7 1 192 192
15 1 8 1 192 192
15 1 9 1 192 192
15 2 0 0 307 288
15 2 1 0 160 162
15 2 2 0 307 300
15 2 3 0 432 432
15 2 4 0 432 432
15 2 5 0 432 432
15 2 6 1 192 192
15 2 7 1 192 192
15 2 8 1 192 192
15 2 9 1 192 192
15 2 10 1 100 92
15 3 0 0 432 432
15 3 1 0 432 432
15 3 2 0 432 432
15 3 3 0 432 432
15 3 4 0 432 432
15 3 5 0 432 432
15 3 6 1 192 192
15 3 7 1 192 192
15 3 8 1 192 192
15 3 9 1 192 192
15 3 10 1 192 192
15 4 0 0 432 432
15 4 1 0 432 432
15 4 2 0 432 432
15 4 3 0 432 432
15 4 4 0 432 432
15 4 5 0 432 192
15 4 6 1 192 192
15 4 7 1 192 192
15 4 8 1 192 192
15 4 9 1 192 192
15 4 10 1 226 192
15 5 0 1 192 192
15 5 1 0 432 192
15 5 2 0 432 432
15 5 3 0 432 432
15 5 4 0 432 192
15 5 5 1 192 192
15 5 6 1 192 192
15 5 7 1 192 192
15 5 8 1 192 192
15 5 9 1 192 192
15 5 10 1 164 164
15 6 0 1 192 192
15 6 1 1 192 192
15 6 2 1 192 192
15 6 3 1 192 192
15 6 4 1 192 192
15 6 5 1 192 192
15 6 6 1 192 192
15 6 7 1 192 192
15 6 8 1 192 192
15 6 9 1 192 192
15 6 10 1 226 192
15 7 0 1 192 192
15 7 1 1 192 192
15 7 2 1 192 192
15 7 3 1 192 192
15 7 4 1 192 192
15 7 5 1 192 192
15 7 6 1 192 192
15 7 7 1 192 192
15 7 8 1 192 192
15 7 9 1 192 192
15 7 10 1 192 192
15 8 0 1 192 192
15 8 1 1 192 192
15 8 2 1 192 192
15 8 3 1 192 192
15 8 4 1 192 192
15 8 5 1 192 192
15 8 6 1 192 192
15 8 7 1 192 192
15 8 8 1 192 192
15 8 9 1 192 192
15 8 10 1 100 100
15 9 0 1 100 92
15 9 1 1 192 192
15 9 2 1 192 192
15 9 3 1 192 192
15 9 4 1 192 192
15 9 5 1 192 192
15 9 6 1 192 192
15 9 7 1 192 192
15 9 8 1 192 192
15 9 9 1 100 100
15 10 2 1 100 92
15 10 3 1 192 192
15 10 4 1 226 192
15 10 5 1 164 164
15 10 6 1 226 192
15 10 7 1 192 192
15 10 8 1 100 100
16 1 2 0 160 162
16 1 3 0 432 432
16 1 4 0 432 432
16 1 5 0 432 192
16 1 6 1 192 192
16 1 7 1 192 192
16 1 8 1 192 192
16 1 9 1 192 192
16 2 0 0 307 288
16 2 1 0 160 162
16 2 2 0 307 300
16 2 3 0 432 432
16 2 4 0 432 432
16 2 5 0 432 432
16 2 6 1 192 192
16 2 7 1 192 192
16 2 8 1 192 192
16 2 9 1 192 192
16 2 10 1 100 92
16 3 0 0 432 432
16 3 1 0 432 432
16 3 2 0 432 432
16 3 3 0 432 432
16 3 4 0 432 432
16 3 5 0 432 432
16 3 6 1 192 192
16 3 7 1 192 192
16 3 8 1 192 192
16 3 9 1 192 192
16 3 10 1 164 164
16 4 0 0 432 432
16 4 1 0 432 432
16 4 2 0 432 432
16 4 3 0 432 432
16 4 4 0 432 432
16 4 5 0 432 192
16 4 6 1 192 192
16 4 7 1 192 192
16 4 8 1 192 192
16 4 9 1 192 192
16 4 10 1 164 164
16 5 0 1 192 192
16 5 1 0 432 192
16 5 2 0 432 432
16 5 3 0 432 432
16 5 4 0 432 192
16 5 5 1 192 192
16 5 6 1 192 192
16 5 7 1 192 192
16 5 8 1 192 192
16 5 9 1 192 192
16 5 10 1 164 164
16 6 0 1 192 192
16 6 1 1 192 192
16 6 2 1 192 192
16 6 3 1 192 192
16 6 4 1 192 192
16 6 5 1 192 192
16 6 6 1 192 192
16 6 7 1 192 192
16 6 8 1 192 192
16 6 9 1 192 192
16 6 10 1 164 164
16 7 0 1 192 192
16 7 1 1 192 192
16 7 2 1 192 192
16 7 3 1 192 192
16 7 4 1 192 192
16 7 5 1 192 192
16 7 6 1 192 192
16 7 7 1 192 192
16 7 8 1 192 192
16 7 9 1 192 192
16 7 10 1 164 164
16 8 0 1 192 192
16 8 1 1 192 192
16 8 2 1 192 192
16 8 3 1 192 192
16 8 4 1 192 192
16 8 5 1 192 192
16 8 6 1 192 192
16 8 7 1 192 192
16 8 8 1 192 192
16 8 9 1 192 192
16 8 10 1 100 100
16 9 0 1 100 92
16 9 1 1 192 192
16 9 2 1 192 192
16 9 3 1 192 192
16 9 4 1 192 192
16 9 5 1 192 192
16 9 6 1 192 192
16 9 7 1 192 192
16 9 8 1 192 192
16 9 9 1 100 100
16 10 2 1 100 92
16 10 3 1 164 164
16 10 4 1 164 164
16 10 5 1 164 164
16 10 6 1 164 164
16 10 7 1 164 164
16 10 8 1 100 100
17 1 2 0 160 162
17 1 3 0 432 432
17 1 4 0 432 432
17 1 5 0 432 192
17 1 6 1 192 192
17 1 7 1 192 192
17 1 8 1 192 192
17 1 9 1 192 192
17 2 0 0 307 288
17 2 1 0 160 162
17 2 2 0 307 300
17 2 3 0 432 432
17 2 4 0 432 432
17 2 5 0 432 432
17 2 6 1 192 192
17 2 7 1 192 192
17 2 8 1 192 192
17 2 9 1 192 192
17 2 10 1 100 92
17 3 0 0 432 432
17 3 1 0 432 432
17 3 2 0 432 432
17 3 3 0 432 432
17 3 4 0 432 432
17 3 5 0 432 432
17 3 6 1 192 192
17 3 7 1 192 192
17 3 8 1 192 192
17 3 9 1 192 192
17 3 10 1 192 192
17 4 0 0 432 432
17 4 1 0 432 432
17 4 2 0 432 432
17 4 3 0 432 432
17 4 4 0 432 432
17 4 5 0 432 192
17 4 6 1 192 192
17 4 7 1 192 192
17 4 8 1 192 192
17 4 9 1 192 192
17 4 10 1 226 192
17 5 0 1 192 192
17 5 1 0 432 192
17 5 2 0 432 432
17 5 3 0 432 432
17 5 4 0 432 192
17 5 5 1 192 192
17 5 6 1 192 192
17 5 7 1 192 192
17 5 8 1 192 192
17 5 9 1 192 192
17 5 10 1 164 164
17 6 0 1 192 192
17 6 1 1 192 192
17 6 2 1 192 192
17 6 3 1 192 192
17 6 4 1 192 192
17 6 5 1 192 192
17 6 6 1 192 192
17 6 7 1 192 192
17 6 8 1 192 192
17 6 9 1 192 192
17 6 10 1 226 192
17 7 0 1 192 192
17 7 1 1 192 192
17 7 2 1 192 192
17 7 3 1 192 192
17 7 4 1 192 192
17 7 5 1 192 192
17 7 6 1 192 192
17 7 7 1 192 192
17 7 8 1 192 192
17 7 9 1 192 192
17 7 10 1 192 192
17 8 0 1 192 192
17 8 1 1 192 192
17 8 2 1 192 192
17 8 3 1 192 192
17 8 4 1 192 192
17 8 5 1 192 192
17 8 6 1 192 192
17 8 7 1 192 192
17 8 8 1 192 192
17 8 9 1 192 192
17 8 10 1 100 100
17 9 0 1 100 92
17 9 1 1 192 192
17 9 2 1 192 192
17 9 3 1 192 192
17 9 4 1 192 192
17 9 5 1 192 192
17 9 6 1 192 192
17 9 7 1 192 192
17 9 8 1 192 192
17 9 9 1 100 100
17 10 2 1 100 92
17 10 3 1 192 192
17 10 4 1 226 192
17 10 5 1 164 164
17 10 6 1 226 192
17 10 7 1 192 192
17 10 8 1 100 100
18 1 2 0 160 162
18 1 3 0 432 432
18 1 4 0 432 432
18 1 5 0 432 192
18 1 6 1 192 192
18 1 7 1 192 192
18 1 8 1 192 192
18 1 9 1 192 192
18 2 0 0 307 288
18 2 1 0 160 162
18 2 2 0 307 300
18 2 3 0 432 432
18 2 4 0 432 432
18 2 5 0 432 432
18 2 6 1 192 192
18 2 7 1 192 192
18 2 8 1 192 192
18 2 9 1 192 192
18 2 10 1 100 92
18 3 0 0 432 432
18 3 1 0 432 432
18 3 2 0 432 432
18 3 3 0 432 432
18 3 4 0 432 432
18 3 5 0 432 432
18 3 6 1 192 192
18 3 7 1 192 192
18 3 8 1 192 192
18 3 9 1 192 192
18 3 10 1 164 164
18 4 0 0 432 432
18 4 1 0 432 432
18 4 2 0 432 432
18 4 3 0 432 432
18 4 4 0 432 432
18 4 5 0 432 192
18 4 6 1 192 192
18 4 7 1 192 192
18 4 8 1 192 192
18 4 9 1 192 192
18 4 10 1 164 164
18 5 0 1 192 192
18 5 1 0 432 192
18 5 2 0 432 432
18 5 3 0 432 432
18 5 4 0 432 192
18 5 5 1 192 192
18 5 6 1 192 192
18 5 7 1 192 192
18 5 8 1 192 192
18 5 9 1 192 192
18 5 10 1 164 164
18 6 0 1 192 192
18 6 1 1 192 192
18 6 2 1 192 192
18 6 3 1 192 192
18 6 4 1 192 192
18 6 5 1 192 192
18 6 6 1 192 192
18 6 7 1 192 192
18 6 8 1 192 192
18 6 9 1 192 192
18 6 10 1 164 164
18 7 0 1 192 192
18 7 1 1 192 192
18 7 2 1 192 192
18 7 3 1 192 192
18 7 4 1 192 192
18 7 5 1 192 192
18 7 6 1 192 192
18 7 7 1 192 192
18 7 8 1 192 192
18 7 9 1 192 192
18 7 10 1 164 164
18 8 0 1 192 192
18 8 1 1 192 192
18 8 2 1 192 192
18 8 3 1 192 192
18 8 4 1 192 192
18 8 5 1 192 192
18 8 6 1 192 192
18 8 7 1 192 192
18 8 8 1 192 192
18 8 9 1 192 192
18 8 10 1 100 100
18 9 0 1 100 92
18 9 1 1 192 192
18 9 2 1 192 192
18 9 3 1 192 192
18 9 4 1 192 192
18 9 5 1 192 192
18 9 6 1 192 192
18 9 7 1 192 192
18 9 8 1 192 192
18 9 9 1 100 100
18 10 2 1 100 92
18 10 3 1 164 164
18 10 4 1 164 164
18 10 5 1 164 164
18 10 6 1 164 164
18 10 7 1 164 164
18 10 8 1 100 100
19 1 2 0 160 162
19 1 3 0 432 432
19 1 4 0 432 432
19 1 5 0 432 192
19 1 6 1 192 192
19 1 7 1 192 192
19 1 8 1 192 192
19 1 9 1 192 192
19 2 0 0 307 288
19 2 1 0 160 162
19 2 2 0 307 300
19 2 3 0 432 432
19 2 4 0 432 432
19 2 5 0 432 432
19 2 6 1 192 192
19 2 7 1 192 192
19 2 8 1 192 192
19 2 9 1 192 192
19 2 10 1 100 92
19 3 0 0 432 432
19 3 1 0 432 432
19 3 2 0 432 432
19 3 3 0 432 432
19 3 4 0 432 432
19 3 5 0 432 432
19 3 6 1 192 192
19 3 7 1 192 192
19 3 8 1 192 192
19 3 9 1 192 192
19 3 10 1 192 192
19 4 0 0 432 432
19 4 1 0 432 432
19 4 2 0 432 432
19 4 3 0 432 432
19 4 4 0 432 432
19 4 5 0 432 192
19 4 6 1 192 192
19 4 7 1 192 192
19 4 8 1 192 192
19 4 9 1 192 192
19 4 10 1 226 192
19 5 0 1 192 192
19 5 1 0 432 192
19 5 2 0 432 432
19 5 3 0 432 432
19 5 4 0 432 192
19 5 5 1 192 192
19 5 6 1 192 192
19 5 7 1 192 192
19 5 8 1 192 192
19 5 9 1 192 192
19 5 10 1 164 164
19 6 0 1 192 192
19 6 1 1 192 192
19 6 2 1 192 192
19 6 3 1 192 192
19 6 4 1 192 192
19 6 5 1 192 192
19 6 6 1 192 192
19 6 7 1 192 192
19 6 8 1 192 192
19 6 9 1 192 192
19 6 10 1 226 192
19 7 0 1 192 192
19 7 1 1 192 192
19 7 2 1 192 192
19 7 3 1 192 192
19 7 4 1 192 192
19 7 5 1 192 192
19 7 6 1 192 192
19 7 7 1 192 192
19 7 8 1 192 192
19 7 9 1 192 192
19 7 10 1 192 192
19 8 0 1 192 192
19 8 1 1 192 192
19 8 2 1 192 192
19 8 3 1 192 192
19 8 4 1 192 192
19 8 5 1 192 192
19 8 6 1 192 192
19 8 7 1 192 192
19 8 8 1 192 192
19 8 9 1 226 192
19 8 10 1 100 100
19 9 0 1 164 164
19 9 1 1 226 192
19 9 2 1 192 192
19 9 3 1 192 192
19 9 4 1 192 192
19 9 5 1 192 192
19 9 6 1 192 192
19 9 7 1 192 192
19 9 8 1 192 192
19 9 9 1 164 164
19 10 2 1 100 92
19 10 3 1 192 192
19 10 4 1 226 192
19 10 5 1 164 164
19 10 6 1 226 192
19 10 7 1 192 192
19 10 8 1 100 100
20 1 2 0 160 162
20 1 3 0 432 432
20 1 4 0 432 432
20 1 5 0 432 192
20 1 6 1 192 192
20 1 7 1 192 192
20 1 8 1 192 192
20 1 9 1 192 192
20 2 0 0 307 288
20 2 1 0 160 162
20 2 2 0 307 300
20 2 3 0 432 432
20 2 4 0 432 432
20 2 5 0 432 432
20 2 6 1 192 192
20 2 7 1 192 192
20 2 8 1 192 192
20 2 9 1 192 192
20 2 10 1 100 92
20 3 0 0 432 432
20 3 1 0 432 432
20 3 2 0 432 432
20 3 3 0 432 432
20 3 4 0 432 432
20 3 5 0 432 432
20 3 6 1 192 192
20 3 7 1 192 192
20 3 8 1 192 192
20 3 9 1 192 192
20 3 10 1 164 164
20 4 0 0 432 432
20 4 1 0 432 432
20 4 2 0 432 432
20 4 3 0 432 432
20 4 4 0 432 432
20 4 5 0 432 192
20 4 6 1 192 192
20 4 7 1 192 192
20 4 8 1 192 192
20 4 9 1 192 192
20 4 10 1 192 192
20 5 0 1 192 192
20 5 1 0 432 192
20 5 2 0 432 432
20 5 3 0 432 432
20 5 4 0 432 192
20 5 5 1 192 192
20 5 6 1 192 192
20 5 7 1 192 192
20 5 8 1 192 192
20 5 9 1 192 192
20 5 10 1 164 164
20 6 0 1 192 192
20 6 1 1 192 192
20 6 2 1 192 192
20 6 3 1 192 192
20 6 4 1 192 192
20 6 5 1 192 192
20 6 6 1 192 192
20 6 7 1 192 192
20 6 8 1 192 192
20 6 9 1 192 192
20 6 10 1 192 192
20 7 0 1 192 192
20 7 1 1 192 192
20 7 2 1 192 192
20 7 3 1 192 192
20 7 4 1 192 192
20 7 5 1 192 192
20 7 6 1 192 192
20 7 7 1 192 192
20 7 8 1 192 192
20 7 9 1 192 192
20 7 10 1 164 164
20 8 0 1 192 192
20 8 1 1 192 192
20 8 2 1 192 192
20 8 3 1 192 192
20 8 4 1 192 192
20 8 5 1 192 192
20 8 6 1 192 192
20 8 7 1 192 192
20 8 8 1 192 192
20 8 9 1 192 192
20 8 10 1 100 100
20 9 0 1 100 92
20 9 1 1 192 192
20 9 2 1 192 192
20 9 3 1 192 192
20 9 4 1 192 192
20 9 5 1 192 192
20 9 6 1 192 192
20 9 7 1 192 192
20 9 8 1 192 192
20 9 9 1 100 100
20 10 2 1 100 92
20 10 3 1 164 164
20 10 4 1 192 192
20 10 5 1 164 164
20 10 6 1 192 192
20 10 7 1 164 164
20 10 8 1 100 100
21 1 2 0 160 162
21 1 3 0 432 432
21 1 4 0 432 432
21 1 5 0 432 192
21 1 6 1 192 192
21 1 7 1 192 192
21 1 8 1 192 192
21 1 9 1 226 192
21 2 0 0 307 288
21 2 1 0 160 162
21 2 2 0 307 300
21 2 3 0 432 432
21 2 4 0 432 432
21 2 5 0 432 432
21 2 6 1 192 192
21 2 7 1 192 192
21 2 8 1 192 192
21 2 9 1 192 192
21 2 10 1 164 164
21 3 0 0 432 432
21 3 1 0 432 432
21 3 2 0 432 432
21 3 3 0 432 432
21 3 4 0 432 432
21 3 5 0 432 432
21 3 6 1 192 192
21 3 7 1 192 192
21 3 8 1 192 192
21 3 9 1 192 192
21 3 10 1 192 192
21 4 0 0 432 432
21 4 1 0 432 432
21 4 2 0 432 432
21 4 3 0 432 432
21 4 4 0 432 432
21 4 5 0 432 192
21 4 6 1 192 192
21 4 7 1 192 192
21 4 8 1 192 192
21 4 9 1 192 192
21 4 10 1 226 192
21 5 0 1 192 192
21 5 1 0 432 192
21 5 2 0 432 432
21 5 3 0 432 432
21 5 4 0 432 192
21 5 5 1 192 192
21 5 6 1 192 192
21 5 7 1 192 192
21 5 8 1 192 192
21 5 9 1 192 192
21 5 10 1 164 164
21 6 0 1 192 192
21 6 1 1 192 192
21 6 2 1 192 192
21 6 3 1 192 192
21 6 4 1 192 192
21 6 5 1 192 192
21 6 6 1 192 192
21 6 7 1 192 192
21 6 8 1 192 192
21 6 9 1 192 192
21 6 10 1 226 192
21 7 0 1 192 192
21 7 1 1 192 192
21 7 2 1 192 192
21 7 3 1 192 192
21 7 4 1 192 192
21 7 5 1 192 192
21 7 6 1 192 192
21 7 7 1 192 192
21 7 8 1 192 192
21 7 9 1 192 192
21 7 10 1 192 192
21 8 0 1 192 192
21 8 1 1 192 192
21 8 2 1 192 192
21 8 3 1 192 192
21 8 4 1 192 192
21 8 5 1 192 192
21 8 6 1 192 192
21 8 7 1 192 192
21 8 8 1 192 192
21 8 9 1 192 192
21 8 10 1 164 164
21 9 0 1 164 164
21 9 1 1 192 192
21 9 2 1 192 192
21 9 3 1 192 192
21 9 4 1 192 192
21 9 5 1 192 192
21 9 6 1 192 192
21 9 7 1 192 192
21 9 8 1 226 192
21 9 9 1 164 164
21 9 10 1 100 100
21 10 1 1 100 92
21 10 2 1 164 164
21 10 3 1 192 192
21 10 4 1 226 192
21 10 5 1 164 164
21 10 6 1 226 192
21 10 7 1 192 192
21 10 8 1 164 164
22 1 2 0 160 162
22 1 3 0 432 432
22 1 4 0 432 432
22 1 5 0 432 192
22 1 6 1 192 192
22 1 7 1 192 192
22 1 8 1 192 192
22 1 9 1 192 192
22 2 0 0 307 288
22 2 1 0 160 162
22 2 2 0 307 300
22 2 3 0 432 432
22 2 4 0 432 432
22 2 5 0 432 432
22 2 6 1 192 192
22 2 7 1 192 192
22 2 8 1 192 192
22 2 9 1 192 192
22 2 10 1 100 92
22 3 0 0 432 432
22 3 1 0 432 432
22 3 2 0 432 432
22 3 3 0 432 432
22 3 4 0 432 432
22 3 5 0 432 432
22 3 6 1 192 192
22 3 7 1 192 192
22 3 8 1 192 192
22 3 9 1 192 192
22 3 10 1 164 164
22 4 0 0 432 432
22 4 1 0 432 432
22 4 2 0 432 432
22 4 3 0 432 432
22 4 4 0 432 432
22 4 5 0 432 192
22 4 6 1 192 192
22 4 7 1 192 192
22 4 8 1 192 192
22 4 9 1 192 192
22 4 10 1 192 192
22 5 0 1 192 192
22 5 1 0 432 192
22 5 2 0 432 432
22 5 3 0 432 432
22 5 4 0 432 192
22 5 5 1 192 192
22 5 6 1 192 192
22 5 7 1 192 192
22 5 8 1 192 192
22 5 9 1 192 192
22 5 10 1 164 164
22 6 0 1 192 192
22 6 1 1 192 192
22 6 2 1 192 192
22 6 3 1 192 192
22 6 4 1 192 192
22 6 5 1 192 192
22 6 6 1 192 192
22 6 7 1 192 192
22 6 8 1 192 192
22 6 9 1 192 192
22 6 10 1 192 192
22 7 0 1 192 192
22 7 1 1 192 192
22 7 2 1 192 192
22 7 3 1 192 192
22 7 4 1 192 192
22 7 5 1 192 192
22 7 6 1 192 192
22 7 7 1 192 192
22 7 8 1 192 192
22 7 9 1 192 192
22 7 10 1 164 164
22 8 0 1 192 192
22 8 1 1 192 192
22 8 2 1 192 192
22 8 3 1 192 192
22 8 4 1 192 192
22 8 5 1 192 192
22 8 6 1 192 192
22 8 7 1 192 192
22 8 8 1 192 192
22 8 9 1 192 192
22 8 10 1 100 100
22 9 0 1 100 92
22 9 1 1 192 192
22 9 2 1 192 192
22 9 3 1 192 192
22 9 4 1 192 192
22 9 5 1 192 192
22 9 6 1 192 192
22 9 7 1 192 192
22 9 8 1 192 192
22 9 9 1 100 100
22 10 2 1 100 92
22 10 3 1 164 164
22 10 4 1 192 192
22 10 5 1 164 164
22 10 6 1 192 192
22 10 7 1 164 164
22 10 8 1 100 100
23 1 2 0 160 162
23 1 3 0 432 432
23 1 4 0 432 432
23 1 5 0 432 192
23 1 6 1 192 192
23 1 7 1 192 192
23 1 8 1 192 192
23 1 9 1 226 192
23 2 0 0 307 288
23 2 1 0 160 162
23 2 2 0 307 300
23 2 3 0 432 432
23 2 4 0 432 432
23 2 5 0 432 432
23 2 6 1 192 192
23 2 7 1 192 192
23 2 8 1 192 192
23 2 9 1 192 192
23 2 10 1 164 164
23 3 0 0 432 432
23 3 1 0 432 432
23 3 2 0 432 432
23 3 3 0 432 432
23 3 4 0 432 432
23 3 5 0 432 432
23 3 6 1 192 192
23 3 7 1 192 192
23 3 8 1 192 192
23 3 9 1 192 192
23 3 10 1 192 192
23 4 0 0 432 432
23 4 1 0 432 432
23 4 2 0 432 432
23 4 3 0 432 432
23 4 4 0 432 432
23 4 5 0 432 192
23 4 6 1 192 192
23 4 7 1 192 192
23 4 8 1 192 192
23 4 9 1 192 192
23 4 10 1 226 192
23 5 0 1 192 192
23 5 1 0 432 192
23 5 2 0 432 432
23 5 3 0 432 432
23 5 4 0 432 192
23 5 5 1 192 192
23 5 6 1 192 192
23 5 7 1 192 192
23 5 8 1 192 192
23 5 9 1 192 192
23 5 10 1 164 164
23 6 0 1 192 192
23 6 1 1 192 192
23 6 2 1 192 192
23 6 3 1 192 192
23 6 4 1 192 192
23 6 5 1 192 192
23 6 6 1 192 192
23 6 7 1 192 192
23 6 8 1 192 192
23 6 9 1 192 192
23 6 10 1 226 192
23 7 0 1 192 192
23 7 1 1 192 192
23 7 2 1 192 192
23 7 3 1 192 192
23 7 4 1 192 192
23 7 5 1 192 192
23 7 6 1 192 192
23 7 7 1 192 192
23 7 8 1 192 192
23 7 9 1 192 192
23 7 10 1 192 192
23 8 0 1 192 192
23 8 1 1 192 192
23 8 2 1 192 192
23 8 3 1 192 192
23 8 4 1 192 192
23 8 5 1 192 192
23 8 6 1 192 192
23 8 7 1 192 192
23 8 8 1 192 192
23 8 9 1 192 192
23 8 10 1 164 164
23 9 0 1 164 164
23 9 1 1 192 192
23 9 2 1 192 192
23 9 3 1 192 192
23 9 4 1 192 192
23 9 5 1 192 192
23 9 6 1 192 192
23 9 7 1 192 192
23 9 8 1 226 192
23 9 9 1 164 164
23 9 10 1 100 100
23 10 1 1 100 92
23 10 2 1 164 164
23 10 3 1 192 192
23 10 4 1 226 192
23 10 5 1 164 164
23 10 6 1 226 192
23 10 7 1 192 192
23 10 8 1 164 164
24 1 2 0 160 162
24 1 3 0 432 432
24 1 4 0 432 432
24 1 5 0 432 192
24 1 6 1 192 192
24 1 7 1 192 192
24 1 8 1 192 192
24 1 9 1 192 192
24 2 0 0 307 288
24 2 1 0 160 162
24 2 2 0 307 300
24 2 3 0 432 432
24 2 4 0 432 432
24 2 5 0 432 432
24 2 6 1 192 192
24 2 7 1 192 192
24 2 8 1 192 192
24 2 9 1 192 192
24 2 10 1 100 92
24 3 0 0 432 432
24 3 1 0 432 432
24 3 2 0 432 432
24 3 3 0 432 432
24 3 4 0 432 432
24 3 5 0 432 432
24 3 6 1 192 192
24 3 7 1 192 192
24 3 8 1 192 192
24 3 9 1 192 192
24 3 10 1 192 192
24 4 0 0 432 432
24 4 1 0 432 432
24 4 2 0 432 432
24 4 3 0 432 432
24 4 4 0 432 432
24 4 5 0 432 192
24 4 6 1 192 192
24 4 7 1 192 192
24 4 8 1 192 192
24 4 9 1 192 192
24 4 10 1 226 192
24 5 0 1 192 192
24 5 1 0 432 192
24 5 2 0 432 432
24 5 3 0 432 432
24 5 4 0 432 192
24 5 5 1 192 192
24 5 6 1 192 192
24 5 7 1 192 192
24 5 8 1 192 192
24 5 9 1 192 192
24 5 10 1 164 164
24 6 0 1 192 192
24 6 1 1 192 192
24 6 2 1 192 192
24 6 3 1 192 192
24 6 4 1 192 192
24 6 5 1 192 192
24 6 6 1 192 192
24 6 7 1 192 192
24 6 8 1 192 192
24 6 9 1 192 192
24 6 10 1 226 192
24 7 0 1 192 192
24 7 1 1 192 192
24 7 2 1 192 192
24 7 3 1 192 192
24 7 4 1 192 192
24 7 5 1 192 192
24 7 6 1 192 192
24 7 7 1 192 192
24 7 8 1 192 192
24 7 9 1 192 192
24 7 10 1 192 192
24 8 0 1 192 192
24 8 1 1 192 192
24 8 2 1 192 192
24 8 3 1 192 192
24 8 4 1 192 192
24 8 5 1 192 192
24 8 6 1 192 192
24 8 7 1 192 192
24 8 8 1 192 192
24 8 9 1 226 192
24 8 10 1 100 100
24 9 0 1 164 164
24 9 1 1 226 192
24 9 2 1 192 192
24 9 3 1 192 192
24 9 4 1 192 192
24 9 5 1 192 192
24 9 6 1 192 192
24 9 7 1 192 192
24 9 8 1 192 192
24 9 9 1 164 164
24 10 2 1 100 92
24 10 3 1 192 192
24 10 4 1 226 192
24 10 5 1 164 164
24 10 6 1 226 192
24 10 7 1 192 192
24 10 8 1 100 100
25 1 2 0 160 162
25 1 3 0 432 432
25 1 4 0 432 432
25 1 5 0 432 192
25 1 6 1 192 192
25 1 7 1 192 192
25 1 8 1 192 192
25 1 9 1 226 192
25 2 0 0 307 288
25 2 1 0 160 162
25 2 2 0 307 300
25 2 3 0 432 432
25 2 4 0 432 432
25 2 5 0 432 432
25 2 6 1 192 192
25 2 7 1 192 192
25 2 8 1 192 192
25 2 9 1 192 192
25 2 10 1 192 192
25 3 0 0 432 432
25 3 1 0 432 432
25 3 2 0 432 432
25 3 3 0 432 432
25 3 4 0 432 432
25 3 5 0 432 432
25 3 6 1 192 192
25 3 7 1 192 192
25 3 8 1 192 192
25 3 9 1 192 192
25 3 10 1 226 192
25 4 0 0 432 432
25 4 1 0 432 432
25 4 2 0 432 432
25 4 3 0 432 432
25 4 4 0 432 432
25 4 5 0 432 192
25 4 6 1 192 192
25 4 7 1 192 192
25 4 8 1 192 192
25 4 9 1 192 192
25 4 10 1 192 192
25 4 11 1 100 100
25 5 0 1 192 192
25 5 1 0 432 192
25 5 2 0 432 432
25 5 3 0 432 432
25 5 4 0 432 192
25 5 5 1 192 192
25 5 6 1 192 192
25 5 7 1 192 192
25 5 8 1 192 192
25 5 9 1 192 192
25 5 10 1 226 192
25 6 0 1 192 192
25 6 1 1 192 192
25 6 2 1 192 192
25 6 3 1 192 192
25 6 4 1 192 192
25 6 5 1 192 192
25 6 6 1 192 192
25 6 7 1 192 192
25 6 8 1 192 192
25 6 9 1 192 192
25 6 10 1 226 192
25 7 0 1 192 192
25 7 1 1 192 192
25 7 2 1 192 192
25 7 3 1 192 192
25 7 4 1 192 192
25 7 5 1 192 192
25 7 6 1 192 192
25 7 7 1 192 192
25 7 8 1 192 192
25 7 9 1 192 192
25 7 10 1 226 192
25 7 11 1 100 100
25 8 0 1 192 192
25 8 1 1 192 192
25 8 2 1 192 192
25 8 3 1 192 192
25 8 4 1 192 192
25 8 5 1 192 192
25 8 6 1 192 192
25 8 7 1 192 192
25 8 8 1 192 192
25 8 9 1 192 192
25 8 10 1 192 192
25 9 0 1 164 164
25 9 1 1 192 192
25 9 2 1 192 192
25 9 3 1 192 192
25 9 4 1 192 192
25 9 5 1 192 192
25 9 6 1 192 192
25 9 7 1 192 192
25 9 8 1 226 192
25 9 9 1 164 164
25 9 10 1 100 100
25 10 1 1 100 92
25 10 2 1 192 192
25 10 3 1 226 192
25 10 4 1 226 192
25 10 5 1 226 192
25 10 6 1 192 192
25 10 7 1 226 192
25 10 8 1 192 192
25 11 4 1 100 92
25 11 7 1 100 98
26 1 2 0 160 162
26 1 3 0 432 432
26 1 4 0 432 432
26 1 5 0 432 192
26 1 6 1 192 192
26 1 7 1 192 192
26 1 8 1 192 192
26 1 9 1 226 192
26 2 0 0 307 288
26 2 1 0 160 162
26 2 2 0 307 300
26 2 3 0 432 432
26 2 4 0 432 432
26 2 5 0 432 432
26 2 6 1 192 192
26 2 7 1 192 192
26 2 8 1 192 192
26 2 9 1 192 192
26 2 10 1 164 164
26 3 0 0 432 432
26 3 1 0 432 432
26 3 2 0 432 432
26 3 3 0 432 432
26 3 4 0 432 432
26 3 5 0 432 432
26 3 6 1 192 192
26 3 7 1 192 192
26 3 8 1 192 192
26 3 9 1 192 192
26 3 10 1 192 192
26 4 0 0 432 432
26 4 1 0 432 432
26 4 2 0 432 432
26 4 3 0 432 432
26 4 4 0 432 432
26 4 5 0 432 192
26 4 6 1 192 192
26 4 7 1 192 192
26 4 8 1 192 192
26 4 9 1 192 192
26 4 10 1 226 192
26 5 0 1 192 192
26 5 1 0 432 192
26 5 2 0 432 432
26 5 3 0 432 432
26 5 4 0 432 192
26 5 5 1 192 192
26 5 6 1 192 192
26 5 7 1 192 192
26 5 8 1 192 192
26 5 9 1 192 192
26 5 10 1 226 192
26 6 0 1 192 192
26 6 1 1 192 192
26 6 2 1 192 192
26 6 3 1 192 192
26 6 4 1 192 192
26 6 5 1 192 192
26 6 6 1 192 192
26 6 7 1 192 192
26 6 8 1 192 192
26 6 9 1 192 192
26 6 10 1 226 192
26 7 0 1 192 192
26 7 1 1 192 192
26 7 2 1 192 192
26 7 3 1 192 192
26 7 4 1 192 192
26 7 5 1 192 192
26 7 6 1 192 192
26 7 7 1 192 192
26 7 8 1 192 192
26 7 9 1 192 192
26 7 10 1 226 192
26 8 0 1 192 192
26 8 1 1 192 192
26 8 2 1 192 192
26 8 3 1 192 192
26 8 4 1 192 192
26 8 5 1 192 192
26 8 6 1 192 192
26 8 7 1 192 192
26 8 8 1 192 192
26 8 9 1 192 192
26 8 10 1 164 164
26 9 0 1 164 164
26 9 1 1 192 192
26 9 2 1 192 192
26 9 3 1 192 192
26 9 4 1 192 192
26 9 5 1 192 192
26 9 6 1 192 192
26 9 7 1 192 192
26 9 8 1 226 192
26 9 9 1 164 164
26 9 10 1 100 100
26 10 1 1 100 92
26 10 2 1 164 164
26 10 3 1 226 192
26 10 4 1 226 192
26 10 5 1 226 192
26 10 6 1 226 192
26 10 7 1 192 192
26 10 8 1 164 164
27 1 2 0 160 92
27 1 3 0 432 432
27 1 4 0 432 432
27 1 5 0 432 192
27 1 6 1 192 192
27 1 7 1 192 192
27 1 8 1 192 192
27 1 9 1 192 192
27 1 10 1 100 92
27 2 0 0 307 232
27 2 1 0 160 92
27 2 2 0 307 228
27 2 3 0 432 432
27 2 4 0 432 432
27 2 5 0 432 432
27 2 6 1 192 192
27 2 7 1 192 192
27 2 8 1 192 192
27 2 9 1 192 192
27 2 10 1 192 192
27 3 0 0 432 432
27 3 1 0 432 432
27 3 2 0 432 432
27 3 3 0 432 432
27 3 4 0 432 432
27 3 5 0 432 432
27 3 6 1 192 192
27 3 7 1 192 192
27 3 8 1 192 192
27 3 9 1 192 192
27 3 10 1 226 192
27 4 0 0 432 432
27 4 1 0 432 432
27 4 2 0 432 432
27 4 3 0 432 432
27 4 4 0 432 432
27 4 5 0 432 192
27 4 6 1 192 192
27 4 7 1 192 192
27 4 8 1 192 192
27 4 9 1 192 192
27 4 10 1 192 192
27 4 11 1 100 100
27 5 0 1 192 192
27 5 1 0 432 192
27 5 2 0 432 432
27 5 3 0 432 432
27 5 4 0 432 192
27 5 5 1 192 192
27 5 6 1 192 192
27 5 7 1 192 192
27 5 8 1 192 192
27 5 9 1 192 192
27 5 10 1 226 192
27 6 0 1 192 192
27 6 1 1 192 192
27 6 2 1 192 192
27 6 3 1 192 192
27 6 4 1 192 192
27 6 5 1 192 192
27 6 6 1 192 192
27 6 7 1 192 192
27 6 8 1 192 192
27 6 9 1 192 192
27 6 10 1 226 192
27 7 0 1 192 192
27 7 1 1 192 192
27 7 2 1 192 192
27 7 3 1 192 192
27 7 4 1 192 192
27 7 5 1 192 192
27 7 6 1 192 192
27 7 7 1 192 192
27 7 8 1 192 192
27 7 9 1 192 192
27 7 10 1 226 192
27 7 11 1 100 100
27 8 0 1 192 192
27 8 1 1 192 192
27 8 2 1 192 192
27 8 3 1 192 192
27 8 4 1 192 192
27 8 5 1 192 192
27 8 6 1 192 192
27 8 7 1 192 192
27 8 8 1 192 192
27 8 9 1 192 192
27 8 10 1 192 192
27 9 0 1 192 192
27 9 1 1 192 192
27 9 2 1 192 192
27 9 3 1 192 192
27 9 4 1 192 192
27 9 5 1 192 192
27 9 6 1 192 192
27 9 7 1 192 192
27 9 8 1 192 192
27 9 9 1 192 192
27 9 10 1 100 100
27 10 1 1 100 92
27 10 2 1 192 192
27 10 3 1 226 192
27 10 4 1 226 192
27 10 5 1 226 192
27 10 6 1 192 192
27 10 7 1 226 192
27 10 8 1 192 192
27 10 9 1 100 100
27 11 4 1 100 92
27 11 7 1 100 98
28 1 2 0 160 92
28 1 3 0 432 432
28 1 4 0 432 432
28 1 5 0 432 192
28 1 6 1 192 192
28 1 7 1 192 192
28 1 8 1 192 192
28 1 9 1 192 192
28 1 10 1 100 92
28 2 0 0 307 232
28 2 1 0 160 92
28 2 2 0 307 228
28 2 3 0 432 432
28 2 4 0 432 432
28 2 5 0 432 432
28 2 6 1 192 192
28 2 7 1 192 192
28 2 8 1 192 192
28 2 9 1 192 192
28 2 10 1 164 164
28 3 0 0 432 432
28 3 1 0 432 432
28 3 2 0 432 432
28 3 3 0 432 432
28 3 4 0 432 432
28 3 5 0 432 432
28 3 6 1 192 192
28 3 7 1 192 192
28 3 8 1 192 192
28 3 9 1 192 192
28 3 10 1 192 192
28 4 0 0 432 432
28 4 1 0 432 432
28 4 2 0 432 432
28 4 3 0 432 432
28 4 4 0 432 432
28 4 5 0 432 192
28 4 6 1 192 192
28 4 7 1 192 192
28 4 8 1 192 192
28 4 9 1 192 192
28 4 10 1 192 192
28 4 11 1 100 100
28 5 0 1 192 192
28 5 1 0 432 192
28 5 2 0 432 432
28 5 3 0 432 432
28 5 4 0 432 192
28 5 5 1 192 192
28 5 6 1 192 192
28 5 7 1 192 192
28 5 8 1 192 192
28 5 9 1 192 192
28 5 10 1 226 192
28 6 0 1 192 192
28 6 1 1 192 192
28 6 2 1 192 192
28 6 3 1 192 192
28 6 4 1 192 192
28 6 5 1 192 192
28 6 6 1 192 192
28 6 7 1 192 192
28 6 8 1 192 192
28 6 9 1 192 192
28 6 10 1 226 192
28 7 0 1 192 192
28 7 1 1 192 192
28 7 2 1 192 192
28 7 3 1 192 192
28 7 4 1 192 192
28 7 5 1 192 192
28 7 6 1 192 192
28 7 7 1 192 192
28 7 8 1 192 192
28 7 9 1 192 192
28 7 10 1 192 192
28 7 11 1 100 100
28 8 0 1 192 192
28 8 1 1 192 192
28 8 2 1 192 192
28 8 3 1 192 192
28 8 4 1 192 192
28 8 5 1 192 192
28 8 6 1 192 192
28 8 7 1 192 192
28 8 8 1 192 192
28 8 9 1 192 192
28 8 10 1 164 164
28 9 0 1 192 192
28 9 1 1 192 192
28 9 2 1 192 192
28 9 3 1 192 192
28 9 4 1 192 192
28 9 5 1 192 192
28 9 6 1 192 192
28 9 7 1 192 192
28 9 8 1 192 192
28 9 9 1 192 192
28 9 10 1 100 100
28 10 1 1 100 92
28 10 2 1 164 164
28 10 3 1 192 192
28 10 4 1 226 192
28 10 5 1 226 192
28 10 6 1 192 192
28 10 7 1 192 192
28 10 8 1 164 164
28 10 9 1 100 100
28 11 4 1 100 97
28 11 7 1 100 92
29 0 2 0 432 432
29 0 3 0 432 432
29 0 4 0 432 192
29 0 5 1 192 192
29 0 6 1 192 192
29 0 7 1 192 192
29 0 8 1 226 192
29 1 2 0 370 366
29 1 3 0 432 432
29 1 4 0 432 192
29 1 5 1 192 192
29 1 6 1 192 192
29 1 7 1 192 192
29 1 8 1 192 192
29 1 9 1 192 192
29 2 0 0 220 222
29 2 1 0 220 210
29 2 2 0 432 432
29 2 3 0 432 432
29 2 4 0 432 432
29 2 5 1 192 192
29 2 6 1 192 192
29 2 7 1 192 192
29 2 8 1 192 192
29 2 9 1 192 192
29 2 10 1 100 92
29 3 0 0 432 432
29 3 1 0 432 432
29 3 2 0 432 432
29 3 3 0 432 432
29 3 4 0 432 432
29 3 5 1 192 192
29 3 6 1 192 192
29 3 7 1 192 192
29 3 8 1 192 192
29 3 9 1 192 192
29 3 10 1 164 164
29 4 0 0 432 432
29 4 1 0 432 432
29 4 2 0 432 432
29 4 3 0 432 432
29 4 4 0 432 192
29 4 5 1 192 192
29 4 6 1 192 192
29 4 7 1 192 192
29 4 8 1 192 192
29 4 9 1 192 192
29 4 10 1 192 192
29 5 0 1 192 192
29 5 1 1 192 192
29 5 2 1 192 192
29 5 3 1 192 192
29 5 4 1 192 192
29 5 5 1 192 192
29 5 6 1 192 192
29 5 7 1 192 192
29 5 8 1 192 192
29 5 9 1 192 192
29 6 0 1 192 192
29 6 1 1 192 192
29 6 2 1 192 192
29 6 3 1 192 192
29 6 4 1 192 192
29 6 5 1 192 192
29 6 6 1 192 192
29 6 7 1 192 192
29 6 8 1 192 192
29 6 9 1 192 192
29 6 10 1 226 192
29 7 0 1 192 192
29 7 1 1 192 192
29 7 2 1 192 192
29 7 3 1 192 192
29 7 4 1 192 192
29 7 5 1 192 192
29 7 6 1 192 192
29 7 7 1 192 192
29 7 8 1 192 192
29 7 9 1 192 192
29 7 10 1 164 164
29 8 0 1 192 192
29 8 1 1 192 192
29 8 2 1 192 192
29 8 3 1 192 192
29 8 4 1 192 192
29 8 5 1 192 192
29 8 6 1 192 192
29 8 7 1 192 192
29 8 8 1 226 192
29 8 9 1 192 192
29 8 10 1 100 100
29 9 0 1 192 192
29 9 1 1 192 192
29 9 2 1 192 192
29 9 3 1 192 192
29 9 4 1 192 192
29 9 5 1 192 192
29 9 6 1 192 192
29 9 7 1 192 192
29 9 8 1 192 192
29 10 1 1 100 92
29 10 2 1 226 192
29 10 3 1 226 192
29 10 4 1 164 164
29 10 5 1 164 164
29 10 6 1 226 192
29 10 7 1 226 192
29 10 8 1 100 100
30 1 3 0 220 222
30 1 4 0 432 432
30 1 5 0 432 192
30 1 6 1 192 192
30 1 7 1 192 192
30 1 8 1 192 192
30 1 9 1 192 192
30 1 10 1 192 192
30 2 3 0 220 210
30 2 4 0 432 432
30 2 5 0 432 432
30 2 6 1 192 192
30 2 7 1 192 192
30 2 8 1 192 192
30 2 9 1 192 192
30 2 10 1 192 192
30 2 11 1 100 92
30 3 1 0 432 432
30 3 2 0 370 366
30 3 3 0 432 432
30 3 4 0 432 432
30 3 5 0 432 432
30 3 6 1 192 192
30 3 7 1 192 192
30 3 8 1 192 192
30 3 9 1 192 192
30 3 10 1 192 192
30 3 11 1 192 192
30 4 1 0 432 432
30 4 2 0 432 432
30 4 3 0 432 432
30 4 4 0 432 432
30 4 5 0 432 192
30 4 6 1 192 192
30 4 7 1 192 192
30 4 8 1 192 192
30 4 9 1 192 192
30 4 10 1 192 192
30 4 11 1 226 192
30 5 1 0 432 192
30 5 2 0 432 192
30 5 3 0 432 432
30 5 4 0 432 192
30 5 5 0 432 192
30 5 6 1 192 192
30 5 7 1 192 192
30 5 8 1 192 192
30 5 9 1 192 192
30 5 10 1 192 192
30 5 11 1 192 192
30 5 12 1 100 92
30 6 1 1 192 192
30 6 2 1 192 192
30 6 3 1 192 192
30 6 4 1 192 192
30 6 5 1 192 192
30 6 6 1 192 192
30 6 7 1 192 192
30 6 8 1 192 192
30 6 9 1 192 192
30 6 10 1 192 192
30 6 11 1 192 192
30 7 1 1 192 192
30 7 2 1 192 192
30 7 3 1 192 192
30 7 4 1 192 192
30 7 5 1 192 192
30 7 6 1 192 192
30 7 7 1 192 192
30 7 8 1 192 192
30 7 9 1 192 192
30 7 10 1 192 192
30 7 11 1 226 192
30 7 12 1 100 92
30 8 1 1 192 192
30 8 2 1 192 192
30 8 3 1 192 192
30 8 4 1 192 192
30 8 5 1 192 192
30 8 6 1 192 192
30 8 7 1 192 192
30 8 8 1 192 192
30 8 9 1 192 192
30 8 10 1 192 192
30 8 11 1 192 192
30 9 1 1 192 192
30 9 2 1 192 192
30 9 3 1 192 192
30 9 4 1 192 192
30 9 5 1 192 192
30 9 6 1 192 192
30 9 7 1 192 192
30 9 8 1 192 192
30 9 9 1 192 192
30 9 10 1 192 192
30 9 11 1 100 100
30 10 1 1 100 100
30 10 2 1 226 192
30 10 3 1 192 192
30 10 4 1 192 192
30 10 5 1 192 192
30 10 6 1 192 192
30 10 7 1 192 192
30 10 8 1 192 192
30 10 9 1 226 192
30 10 10 1 100 92
30 11 3 1 100 92
30 11 4 1 192 192
30 11 5 1 226 192
30 11 6 1 100 100
30 11 7 1 192 192
30 11 8 1 226 192
30 11 9 1 100 100
31 0 2 0 432 432
31 0 3 0 432 432
31 0 4 0 432 192
31 0 5 1 192 192
31 0 6 1 192 192
31 0 7 1 192 192
31 0 8 1 192 192
31 0 9 1 100 100
31 1 2 0 370 366
31 1 3 0 432 432
31 1 4 0 432 192
31 1 5 1 192 192
31 1 6 1 192 192
31 1 7 1 192 192
31 1 8 1 192 192
31 1 9 1 192 192
31 1 10 1 100 92
31 2 0 0 220 222
31 2 1 0 220 210
31 2 2 0 432 432
31 2 3 0 432 432
31 2 4 0 432 192
31 2 5 1 192 192
31 2 6 1 192 192
31 2 7 1 192 192
31 2 8 1 192 192
31 2 9 1 192 192
31 2 10 1 164 164
31 3 0 0 432 432
31 3 1 0 432 432
31 3 2 0 432 432
31 3 3 0 432 432
31 3 4 0 432 192
31 3 5 1 192 192
31 3 6 1 192 192
31 3 7 1 192 192
31 3 8 1 192 192
31 3 9 1 192 192
31 3 10 1 192 192
31 4 0 0 432 192
31 4 1 0 432 432
31 4 2 0 432 432
31 4 3 0 432 192
31 4 4 0 432 192
31 4 5 1 192 192
31 4 6 1 192 192
31 4 7 1 192 192
31 4 8 1 192 192
31 4 9 1 192 192
31 4 10 1 226 192
31 5 0 1 192 192
31 5 1 1 192 192
31 5 2 1 192 192
31 5 3 1 192 192
31 5 4 1 192 192
31 5 5 1 192 192
31 5 6 1 192 192
31 5 7 1 192 192
31 5 8 1 192 192
31 5 9 1 192 192
31 5 10 1 100 100
31 6 0 1 192 192
31 6 1 1 192 192
31 6 2 1 192 192
31 6 3 1 192 192
31 6 4 1 192 192
31 6 5 1 192 192
31 6 6 1 192 192
31 6 7 1 192 192
31 6 8 1 192 192
31 6 9 1 192 192
31 6 10 1 226 192
31 7 0 1 192 192
31 7 1 1 192 192
31 7 2 1 192 192
31 7 3 1 192 192
31 7 4 1 192 192
31 7 5 1 192 192
31 7 6 1 192 192
31 7 7 1 192 192
31 7 8 1 192 192
31 7 9 1 192 192
31 7 10 1 192 192
31 8 0 1 192 192
31 8 1 1 192 192
31 8 2 1 192 192
31 8 3 1 192 192
31 8 4 1 192 192
31 8 5 1 192 192
31 8 6 1 192 192
31 8 7 1 192 192
31 8 8 1 192 192
31 8 9 1 192 192
31 8 10 1 164 164
31 9 0 1 226 192
31 9 1 1 192 192
31 9 2 1 192 192
31 9 3 1 192 192
31 9 4 1 192 192
31 9 5 1 192 192
31 9 6 1 192 192
31 9 7 1 192 192
31 9 8 1 226 192
31 9 9 1 100 92
31 9 10 1 100 100
31 10 1 1 192 192
31 10 2 1 226 192
31 10 3 1 192 192
31 10 4 1 192 192
31 10 5 1 192 192
31 10 6 1 192 192
31 10 7 1 226 192
31 10 8 1 192 192
31 11 3 1 100 92
31 11 4 1 100 92
31 11 6 1 100 100
31 11 7 1 100 94
32 1 3 0 220 222
32 1 4 0 432 432
32 1 5 0 432 192
32 1 6 1 192 192
32 1 7 1 192 192
32 1 8 1 192 192
32 1 9 1 192 192
32 1 10 1 226 192
32 2 3 0 220 210
32 2 4 0 432 432
32 2 5 0 432 192
32 2 6 1 192 192
32 2 7 1 192 192
32 2 8 1 192 192
32 2 9 1 192 192
32 2 10 1 192 192
32 2 11 1 192 192
32 3 1 0 432 432
32 3 2 0 370 366
32 3 3 0 432 432
32 3 4 0 432 432
32 3 5 0 432 192
32 3 6 1 192 192
32 3 7 1 192 192
32 3 8 1 192 192
32 3 9 1 192 192
32 3 10 1 192 192
32 3 11 1 226 192
32 4 1 0 432 432
32 4 2 0 432 432
32 4 3 0 432 432
32 4 4 0 432 432
32 4 5 0 432 192
32 4 6 1 192 192
32 4 7 1 192 192
32 4 8 1 192 192
32 4 9 1 192 192
32 4 10 1 192 192
32 4 11 1 192 192
32 4 12 1 100 92
32 5 1 0 432 192
32 5 2 0 432 192
32 5 3 0 432 192
32 5 4 0 432 192
32 5 5 0 432 192
32 5 6 1 192 192
32 5 7 1 192 192
32 5 8 1 192 192
32 5 9 1 192 192
32 5 10 1 192 192
32 5 11 1 192 192
32 5 12 1 164 164
32 6 1 1 192 192
32 6 2 1 192 192
32 6 3 1 192 192
32 6 4 1 192 192
32 6 5 1 192 192
32 6 6 1 192 192
32 6 7 1 192 192
32 6 8 1 192 192
32 6 9 1 192 192
32 6 10 1 192 192
32 6 11 1 192 192
32 7 1 1 192 192
32 7 2 1 192 192
32 7 3 1 192 192
32 7 4 1 192 192
32 7 5 1 192 192
32 7 6 1 192 192
32 7 7 1 192 192
32 7 8 1 192 192
32 7 9 1 192 192
32 7 10 1 192 192
32 7 11 1 192 192
32 7 12 1 164 164
32 8 1 1 192 192
32 8 2 1 192 192
32 8 3 1 192 192
32 8 4 1 192 192
32 8 5 1 192 192
32 8 6 1 192 192
32 8 7 1 192 192
32 8 8 1 192 192
32 8 9 1 192 192
32 8 10 1 192 192
32 8 11 1 226 192
32 8 12 1 100 100
32 9 1 1 192 192
32 9 2 1 192 192
32 9 3 1 192 192
32 9 4 1 192 192
32 9 5 1 192 192
32 9 6 1 192 192
32 9 7 1 192 192
32 9 8 1 192 192
32 9 9 1 192 192
32 9 10 1 226 192
32 9 11 1 192 192
32 10 1 1 100 100
32 10 2 1 192 192
32 10 3 1 192 192
32 10 4 1 192 192
32 10 5 1 192 192
32 10 6 1 192 192
32 10 7 1 192 192
32 10 8 1 192 192
32 10 9 1 192 192
32 10 10 1 100 92
32 11 2 1 100 92
32 11 3 1 192 192
32 11 4 1 226 192
32 11 5 1 226 192
32 11 6 1 100 100
32 11 7 1 226 192
32 11 8 1 226 192
32 11 9 1 192 192
32 11 10 1 100 100
33 0 2 0 432 432
33 0 3 0 432 192
33 0 4 0 432 192
33 0 5 1 192 192
33 0 6 1 192 192
33 0 7 1 192 192
33 0 8 1 192 192
33 0 9 1 100 100
33 1 2 0 370 366
33 1 3 0 432 432
33 1 4 0 432 192
33 1 5 1 192 192
33 1 6 1 192 192
33 1 7 1 192 192
33 1 8 1 192 192
33 1 9 1 192 192
33 1 10 1 100 92
33 2 0 0 220 222
33 2 1 0 220 210
33 2 2 0 432 432
33 2 3 0 432 432
33 2 4 0 432 192
33 2 5 1 192 192
33 2 6 1 192 192
33 2 7 1 192 192
33 2 8 1 192 192
33 2 9 1 192 192
33 2 10 1 192 192
33 3 0 0 432 432
33 3 1 0 432 432
33 3 2 0 432 432
33 3 3 0 432 192
33 3 4 0 432 192
33 3 5 1 192 192
33 3 6 1 192 192
33 3 7 1 192 192
33 3 8 1 192 192
33 3 9 1 192 192
33 3 10 1 226 192
33 4 0 0 432 192
33 4 1 0 432 192
33 4 2 0 432 192
33 4 3 0 432 192
33 4 4 0 432 192
33 4 5 1 192 192
33 4 6 1 192 192
33 4 7 1 192 192
33 4 8 1 192 192
33 4 9 1 192 192
33 4 10 1 192 192
33 4 11 1 100 100
33 5 0 1 192 192
33 5 1 1 192 192
33 5 2 1 192 192
33 5 3 1 192 192
33 5 4 1 192 192
33 5 5 1 192 192
33 5 6 1 192 192
33 5 7 1 192 192
33 5 8 1 192 192
33 5 9 1 192 192
33 5 10 1 100 100
33 6 0 1 192 192
33 6 1 1 192 192
33 6 2 1 192 192
33 6 3 1 192 192
33 6 4 1 192 192
33 6 5 1 192 192
33 6 6 1 192 192
33 6 7 1 192 192
33 6 8 1 192 192
33 6 9 1 192 192
33 6 10 1 192 192
33 7 0 1 192 192
33 7 1 1 192 192
33 7 2 1 192 192
33 7 3 1 192 192
33 7 4 1 192 192
33 7 5 1 192 192
33 7 6 1 192 192
33 7 7 1 192 192
33 7 8 1 192 192
33 7 9 1 192 192
33 7 10 1 226 192
33 7 11 1 100 100
33 8 0 1 192 192
33 8 1 1 192 192
33 8 2 1 192 192
33 8 3 1 192 192
33 8 4 1 192 192
33 8 5 1 192 192
33 8 6 1 192 192
33 8 7 1 192 192
33 8 8 1 192 192
33 8 9 1 192 192
33 8 10 1 192 192
33 9 0 1 226 192
33 9 1 1 192 192
33 9 2 1 192 192
33 9 3 1 192 192
33 9 4 1 192 192
33 9 5 1 192 192
33 9 6 1 192 192
33 9 7 1 192 192
33 9 8 1 226 192
33 9 9 1 100 92
33 9 10 1 100 100
33 10 1 1 192 192
33 10 2 1 226 192
33 10 3 1 192 192
33 10 4 1 192 192
33 10 5 1 192 192
33 10 6 1 192 192
33 10 7 1 226 192
33 10 8 1 192 192
33 11 3 1 100 92
33 11 4 1 164 164
33 11 6 1 164 164
33 11 7 1 100 100
34 1 3 0 220 222
34 1 4 0 432 432
34 1 5 0 432 192
34 1 6 1 192 192
34 1 7 1 192 192
34 1 8 1 192 192
34 1 9 1 192 192
34 1 10 1 192 192
34 1 11 1 100 100
34 2 3 0 220 210
34 2 4 0 432 432
34 2 5 0 432 192
34 2 6 1 192 192
34 2 7 1 192 192
34 2 8 1 192 192
34 2 9 1 192 192
34 2 10 1 192 192
34 2 11 1 192 192
34 2 12 1 null null
34 3 1 0 432 432
34 3 2 0 370 366
34 3 3 0 432 432
34 3 4 0 432 432
34 3 5 0 432 192
34 3 6 1 192 192
34 3 7 1 192 192
34 3 8 1 192 192
34 3 9 1 192 192
34 3 10 1 192 192
34 3 11 1 192 192
34 3 12 1 164 158
34 4 1 0 432 192
34 4 2 0 432 432
34 4 3 0 432 432
34 4 4 0 432 192
34 4 5 0 432 192
34 4 6 1 192 192
34 4 7 1 192 192
34 4 8 1 192 192
34 4 9 1 192 192
34 4 10 1 192 192
34 4 11 1 192 192
34 4 12 1 192 192
34 5 1 0 432 192
34 5 2 0 432 192
34 5 3 0 432 192
34 5 4 0 432 192
34 5 5 0 432 192
34 5 6 1 192 192
34 5 7 1 192 192
34 5 8 1 192 192
34 5 9 1 192 192
34 5 10 1 192 192
34 5 11 1 192 192
34 5 12 1 226 192
34 6 1 1 192 192
34 6 2 1 192 192
34 6 3 1 192 192
34 6 4 1 192 192
34 6 5 1 192 192
34 6 6 1 192 192
34 6 7 1 192 192
34 6 8 1 192 192
34 6 9 1 192 192
34 6 10 1 192 192
34 6 11 1 192 192
34 6 12 1 100 92
34 7 1 1 192 192
34 7 2 1 192 192
34 7 3 1 192 192
34 7 4 1 192 192
34 7 5 1 192 192
34 7 6 1 192 192
34 7 7 1 192 192
34 7 8 1 192 192
34 7 9 1 192 192
34 7 10 1 192 192
34 7 11 1 192 192
34 7 12 1 226 192
34 8 1 1 192 192
34 8 2 1 192 192
34 8 3 1 192 192
34 8 4 1 192 192
34 8 5 1 192 192
34 8 6 1 192 192
34 8 7 1 192 192
34 8 8 1 192 192
34 8 9 1 192 192
34 8 10 1 192 192
34 8 11 1 192 192
34 8 12 1 192 192
34 9 1 1 192 192
34 9 2 1 192 192
34 9 3 1 192 192
34 9 4 1 192 192
34 9 5 1 192 192
34 9 6 1 192 192
34 9 7 1 192 192
34 9 8 1 192 192
34 9 9 1 192 192
34 9 10 1 192 192
34 9 11 1 192 192
34 9 12 1 164 158
34 10 1 1 164 164
34 10 2 1 192 192
34 10 3 1 192 192
34 10 4 1 192 192
34 10 5 1 192 192
34 10 6 1 192 192
34 10 7 1 192 192
34 10 8 1 192 192
34 10 9 1 192 192
34 10 10 1 164 164
34 10 11 1 100 92
34 10 12 1 null null
34 11 2 1 192 192
34 11 3 1 226 192
34 11 4 1 192 192
34 11 5 1 192 192
34 11 6 1 192 192
34 11 7 1 192 192
34 11 8 1 192 192
34 11 9 1 226 192
34 11 10 1 192 192
34 12 4 1 100 97
34 12 5 1 164 164
34 12 6 1 100 90
34 12 7 1 100 96
34 12 8 1 164 164
34 12 9 1 100 95
35 0 2 0 432 432
35 0 3 0 432 192
35 0 4 0 432 192
35 0 5 1 192 192
35 0 6 1 192 192
35 0 7 1 192 192
35 0 8 1 192 192
35 0 9 1 192 192
35 0 10 1 100 100
35 1 2 0 370 366
35 1 3 0 432 192
35 1 4 0 432 192
35 1 5 1 192 192
35 1 6 1 192 192
35 1 7 1 192 192
35 1 8 1 192 192
35 1 9 1 192 192
35 1 10 1 192 192
35 1 11 1 100 83
35 2 0 0 220 222
35 2 1 0 220 210
35 2 2 0 432 432
35 2 3 0 432 432
35 2 4 0 432 192
35 2 5 1 192 192
35 2 6 1 192 192
35 2 7 1 192 192
35 2 8 1 192 192
35 2 9 1 192 192
35 2 10 1 192 192
35 2 11 1 164 157
35 3 0 0 432 432
35 3 1 0 432 432
35 3 2 0 432 432
35 3 3 0 432 192
35 3 4 0 432 192
35 3 5 1 192 192
35 3 6 1 192 192
35 3 7 1 192 192
35 3 8 1 192 192
35 3 9 1 192 192
35 3 10 1 192 192
35 3 11 1 192 192
35 4 0 0 432 192
35 4 1 0 432 192
35 4 2 0 432 192
35 4 3 0 432 192
35 4 4 0 432 192
35 4 5 1 192 192
35 4 6 1 192 192
35 4 7 1 192 192
35 4 8 1 192 192
35 4 9 1 192 192
35 4 10 1 192 192
35 4 11 1 226 192
35 5 0 1 192 192
35 5 1 1 192 192
35 5 2 1 192 192
35 5 3 1 192 192
35 5 4 1 192 192
35 5 5 1 192 192
35 5 6 1 192 192
35 5 7 1 192 192
35 5 8 1 192 192
35 5 9 1 192 192
35 5 10 1 192 192
35 5 11 1 164 164
35 5 12 1 100 94
35 6 0 1 192 192
35 6 1 1 192 192
35 6 2 1 192 192
35 6 3 1 192 192
35 6 4 1 192 192
35 6 5 1 192 192
35 6 6 1 192 192
35 6 7 1 192 192
35 6 8 1 192 192
35 6 9 1 192 192
35 6 10 1 192 192
35 6 11 1 164 164
35 7 0 1 192 192
35 7 1 1 192 192
35 7 2 1 192 192
35 7 3 1 192 192
35 7 4 1 192 192
35 7 5 1 192 192
35 7 6 1 192 192
35 7 7 1 192 192
35 7 8 1 192 192
35 7 9 1 192 192
35 7 10 1 192 192
35 7 11 1 226 192
35 7 12 1 100 95
35 8 0 1 192 192
35 8 1 1 192 192
35 8 2 1 192 192
35 8 3 1 192 192
35 8 4 1 192 192
35 8 5 1 192 192
35 8 6 1 192 192
35 8 7 1 192 192
35 8 8 1 192 192
35 8 9 1 192 192
35 8 10 1 192 192
35 8 11 1 192 192
35 9 0 1 192 192
35 9 1 1 192 192
35 9 2 1 192 192
35 9 3 1 192 192
35 9 4 1 192 192
35 9 5 1 192 192
35 9 6 1 192 192
35 9 7 1 192 192
35 9 8 1 192 192
35 9 9 1 192 192
35 9 10 1 192 192
35 9 11 1 164 158
35 10 0 1 226 192
35 10 1 1 192 192
35 10 2 1 192 192
35 10 3 1 192 192
35 10 4 1 192 192
35 10 5 1 192 192
35 10 6 1 192 192
35 10 7 1 192 192
35 10 8 1 192 192
35 10 9 1 226 192
35 10 10 1 100 92
35 10 11 1 100 85
35 11 1 1 192 180
35 11 2 1 226 192
35 11 3 1 192 192
35 11 4 1 226 192
35 11 5 1 164 164
35 11 6 1 226 192
35 11 7 1 192 192
35 11 8 1 226 192
35 11 9 1 192 180
35 12 3 1 100 87
35 12 4 1 164 145
35 12 7 1 164 147
36 1 3 0 220 222
36 1 4 0 432 192
36 1 5 0 432 192
36 1 6 1 192 192
36 1 7 1 192 192
36 1 8 1 192 192
36 1 9 1 192 192
36 1 10 1 192 192
36 1 11 1 192 192
36 1 12 1 100 99
36 2 3 0 220 210
36 2 4 0 432 432
36 2 5 0 432 192
36 2 6 1 192 192
36 2 7 1 192 192
36 2 8 1 192 192
36 2 9 1 192 192
36 2 10 1 192 192
36 2 11 1 192 192
36 2 12 1 226 192
36 3 1 0 432 432
36 3 2 0 370 366
36 3 3 0 432 432
36 3 4 0 432 192
36 3 5 0 432 192
36 3 6 1 192 192
36 3 7 1 192 192
36 3 8 1 192 192
36 3 9 1 192 192
36 3 10 1 192 192
36 3 11 1 192 192
36 3 12 1 192 192
36 3 13 1 100 92
36 4 1 0 432 192
36 4 2 0 432 192
36 4 3 0 432 192
36 4 4 0 432 192
36 4 5 0 432 192
36 4 6 1 192 192
36 4 7 1 192 192
36 4 8 1 192 192
36 4 9 1 192 192
36 4 10 1 192 192
36 4 11 1 192 192
36 4 12 1 192 192
36 4 13 1 226 189
36 5 1 0 432 192
36 5 2 0 432 192
36 5 3 0 432 192
36 5 4 0 432 192
36 5 5 0 432 192
36 5 6 1 192 192
36 5 7 1 192 192
36 5 8 1 192 192
36 5 9 1 192 192
36 5 10 1 192 192
36 5 11 1 192 192
36 5 12 1 192 192
36 5 13 1 226 192
36 6 1 1 192 192
36 6 2 1 192 192
36 6 3 1 192 192
36 6 4 1 192 192
36 6 5 1 192 192
36 6 6 1 192 192
36 6 7 1 192 192
36 6 8 1 192 192
36 6 9 1 192 192
36 6 10 1 192 192
36 6 11 1 192 192
36 6 12 1 192 192
36 6 13 1 100 92
36 7 1 1 192 192
36 7 2 1 192 192
36 7 3 1 192 192
36 7 4 1 192 192
36 7 5 1 192 192
36 7 6 1 192 192
36 7 7 1 192 192
36 7 8 1 192 192
36 7 9 1 192 192
36 7 10 1 192 192
36 7 11 1 192 192
36 7 12 1 192 192
36 7 13 1 100 100
36 8 1 1 192 192
36 8 2 1 192 192
36 8 3 1 192 192
36 8 4 1 192 192
36 8 5 1 192 192
36 8 6 1 192 192
36 8 7 1 192 192
36 8 8 1 192 192
36 8 9 1 192 192
36 8 10 1 192 192
36 8 11 1 192 192
36 8 12 1 192 192
36 8 13 1 226 192
36 9 1 1 192 192
36 9 2 1 192 192
36 9 3 1 192 192
36 9 4 1 192 192
36 9 5 1 192 192
36 9 6 1 192 192
36 9 7 1 192 192
36 9 8 1 192 192
36 9 9 1 192 192
36 9 10 1 192 192
36 9 11 1 192 192
36 9 12 1 192 192
36 9 13 1 226 188
36 10 1 1 192 192
36 10 2 1 192 192
36 10 3 1 192 192
36 10 4 1 192 192
36 10 5 1 192 192
36 10 6 1 192 192
36 10 7 1 192 192
36 10 8 1 192 192
36 10 9 1 192 192
36 10 10 1 192 192
36 10 11 1 192 192
36 10 12 1 226 192
36 10 13 1 100 100
36 11 1 1 164 164
36 11 2 1 192 192
36 11 3 1 192 192
36 11 4 1 192 192
36 11 5 1 192 192
36 11 6 1 192 192
36 11 7 1 192 192
36 11 8 1 192 192
36 11 9 1 192 192
36 11 10 1 192 192
36 11 11 1 164 164
36 11 12 1 100 91
36 12 2 1 192 177
36 12 3 1 226 192
36 12 4 1 192 192
36 12 5 1 192 192
36 12 6 1 192 192
36 12 7 1 192 192
36 12 8 1 192 192
36 12 9 1 192 192
36 12 10 1 226 192
36 12 11 1 192 174
36 13 4 1 100 90
36 13 5 1 164 159
36 13 6 1 192 184
36 13 8 1 192 184
36 13 9 1 164 157
36 13 10 1 100 97
37 0 2 1 100 222
37 0 3 1 192 192
37 0 4 1 192 192
37 0 5 1 192 192
37 0 6 1 192 192
37 0 7 1 192 192
37 0 8 1 192 192
37 1 3 1 192 192
37 1 4 1 192 192
37 1 5 1 192 192
37 1 6 1 192 192
37 1 7 1 192 192
37 1 8 1 192 192
37 1 9 1 100 92
37 2 2 1 100 210
37 2 3 1 192 192
37 2 4 1 192 192
37 2 5 1 192 192
37 2 6 1 192 192
37 2 7 1 192 192
37 2 8 1 192 192
37 2 9 1 164 164
37 3 0 1 192 192
37 3 1 1 164 366
37 3 2 1 192 192
37 3 3 1 192 192
37 3 4 1 192 192
37 3 5 1 192 192
37 3 6 1 192 192
37 3 7 1 192 192
37 3 8 1 192 192
37 3 9 1 192 192
37 4 0 1 192 192
37 4 1 1 192 192
37 4 2 1 192 192
37 4 3 1 192 192
37 4 4 1 192 192
37 4 5 1 192 192
37 4 6 1 192 192
37 4 7 1 192 192
37 4 8 1 192 192
37 4 9 1 226 192
37 5 0 1 192 192
37 5 1 1 192 192
37 5 2 1 192 192
37 5 3 1 192 192
37 5 4 1 192 192
37 5 5 1 192 192
37 5 6 1 192 192
37 5 7 1 192 192
37 5 8 1 192 192
37 5 9 1 226 192
37 6 0 1 192 192
37 6 1 1 192 192
37 6 2 1 192 192
37 6 3 1 192 192
37 6 4 1 192 192
37 6 5 1 192 192
37 6 6 1 192 192
37 6 7 1 192 192
37 6 8 1 192 192
37 6 9 1 226 192
37 7 0 1 192 192
37 7 1 1 192 192
37 7 2 1 192 192
37 7 3 1 192 192
37 7 4 1 192 192
37 7 5 1 192 192
37 7 6 1 192 192
37 7 7 1 192 192
37 7 8 1 192 192
37 7 9 1 164 164
37 8 0 1 192 192
37 8 1 1 192 192
37 8 2 1 192 192
37 8 3 1 192 192
37 8 4 1 192 192
37 8 5 1 192 192
37 8 6 1 192 192
37 8 7 1 192 192
37 8 8 1 192 192
37 8 9 1 100 100
37 9 0 1 100 92
37 9 1 1 192 192
37 9 2 1 226 192
37 9 3 1 192 192
37 9 4 1 192 192
37 9 5 1 192 192
37 9 6 1 226 192
37 9 7 1 192 192
37 9 8 1 100 100
37 10 3 1 100 99
37 10 4 1 100 100
37 10 5 1 100 95
37 10 6 1 100 96
37 15 0 2 90 96
37 15 1 2 96 96
37 15 2 2 90 96
37 15 3 2 90 96
37 15 4 2 96 96
37 15 5 2 90 96
37 15 6 2 90 96
37 15 7 2 96 96
37 15 8 2 90 96
37 15 9 2 90 96
37 15 10 2 96 96
37 15 11 2 90 96
38 1 4 1 192 192
38 1 5 1 192 192
38 1 6 1 192 192
38 1 7 1 192 192
38 1 8 1 192 192
38 1 9 1 192 192
38 1 10 1 100 92
38 2 4 1 164 164
38 2 5 1 192 192
38 2 6 1 192 192
38 2 7 1 192 192
38 2 8 1 192 192
38 2 9 1 192 192
38 2 10 1 192 192
38 3 1 1 100 222
38 3 3 1 100 210
38 3 4 1 192 192
38 3 5 1 192 192
38 3 6 1 192 192
38 3 7 1 192 192
38 3 8 1 192 192
38 3 9 1 192 192
38 3 10 1 226 192
38 4 1 1 192 192
38 4 2 1 192 192
38 4 3 1 192 192
38 4 4 1 192 192
38 4 5 1 192 192
38 4 6 1 192 192
38 4 7 1 192 192
38 4 8 1 192 192
38 4 9 1 192 192
38 4 10 1 192 192
38 4 11 1 100 92
38 5 1 1 192 192
38 5 2 1 192 192
38 5 3 1 192 192
38 5 4 1 192 192
38 5 5 1 192 192
38 5 6 1 192 192
38 5 7 1 192 192
38 5 8 1 192 192
38 5 9 1 192 192
38 5 10 1 192 192
38 5 11 1 100 92
38 6 1 1 192 192
38 6 2 1 192 192
38 6 3 1 192 192
38 6 4 1 192 192
38 6 5 1 192 192
38 6 6 1 192 192
38 6 7 1 192 192
38 6 8 1 192 192
38 6 9 1 192 192
38 6 10 1 192 192
38 6 11 1 100 92
38 7 1 1 192 192
38 7 2 1 192 192
38 7 3 1 192 192
38 7 4 1 192 192
38 7 5 1 192 192
38 7 6 1 192 192
38 7 7 1 192 192
38 7 8 1 192 192
38 7 9 1 192 192
38 7 10 1 226 192
38 7 11 1 100 92
38 8 1 1 192 192
38 8 2 1 192 192
38 8 3 1 192 192
38 8 4 1 192 192
38 8 5 1 192 192
38 8 6 1 192 192
38 8 7 1 192 192
38 8 8 1 192 192
38 8 9 1 192 192
38 8 10 1 192 192
38 9 1 1 192 192
38 9 2 1 192 192
38 9 3 1 192 192
38 9 4 1 192 192
38 9 5 1 192 192
38 9 6 1 192 192
38 9 7 1 192 192
38 9 8 1 192 192
38 9 9 1 192 192
38 9 10 1 100 100
38 10 2 1 100 92
38 10 3 1 164 164
38 10 4 1 226 192
38 10 5 1 226 192
38 10 6 1 192 192
38 10 7 1 226 192
38 10 8 1 164 164
38 10 9 1 100 100
38 15 0 3 104 104
38 15 1 3 112 104
38 15 2 3 104 104
38 15 3 3 104 104
38 15 4 3 112 104
38 15 5 3 104 104
38 15 6 3 104 104
38 15 7 3 112 104
38 15 8 3 104 104
38 15 9 3 104 104
38 15 10 3 112 104
38 15 11 3 104 104
39 0 2 1 100 100
39 0 3 1 192 192
39 0 4 1 192 192
39 0 5 1 192 192
39 0 6 1 192 192
39 0 7 1 192 192
39 0 8 1 192 192
39 1 3 1 192 192
39 1 4 1 192 192
39 1 5 1 192 192
39 1 6 1 192 192
39 1 7 1 192 192
39 1 8 1 192 192
39 1 9 1 100 92
39 2 2 1 100 92
39 2 3 1 192 192
39 2 4 1 192 192
39 2 5 1 192 192
39 2 6 1 192 192
39 2 7 1 192 192
39 2 8 1 192 192
39 2 9 1 164 164
39 3 0 1 192 192
39 3 1 1 164 164
39 3 2 1 192 192
39 3 3 1 192 192
39 3 4 1 192 192
39 3 5 1 192 192
39 3 6 1 192 192
39 3 7 1 192 192
39 3 8 1 192 192
39 3 9 1 226 192
39 4 0 1 192 192
39 4 1 1 192 192
39 4 2 1 192 192
39 4 3 1 192 192
39 4 4 1 192 192
39 4 5 1 192 192
39 4 6 1 192 192
39 4 7 1 192 192
39 4 8 1 192 192
39 4 9 1 192 192
39 5 0 1 192 192
39 5 1 1 192 192
39 5 2 1 192 192
39 5 3 1 192 192
39 5 4 1 192 192
39 5 5 1 192 192
39 5 6 1 192 192
39 5 7 1 192 192
39 5 8 1 192 192
39 5 9 1 226 192
39 6 0 1 192 192
39 6 1 1 192 192
39 6 2 1 192 192
39 6 3 1 192 192
39 6 4 1 192 192
39 6 5 1 192 192
39 6 6 1 192 192
39 6 7 1 192 192
39 6 8 1 192 192
39 6 9 1 226 192
39 7 0 1 192 192
39 7 1 1 192 192
39 7 2 1 192 192
39 7 3 1 192 192
39 7 4 1 192 192
39 7 5 1 192 192
39 7 6 1 192 192
39 7 7 1 192 192
39 7 8 1 192 192
39 7 9 1 164 164
39 8 0 1 192 192
39 8 1 1 192 192
39 8 2 1 192 192
39 8 3 1 192 192
39 8 4 1 192 192
39 8 5 1 192 192
39 8 6 1 192 192
39 8 7 1 192 192
39 8 8 1 192 192
39 8 9 1 100 100
39 9 0 1 100 92
39 9 1 1 192 192
39 9 2 1 226 192
39 9 3 1 192 192
39 9 4 1 192 192
39 9 5 1 192 192
39 9 6 1 226 192
39 9 7 1 192 192
39 9 8 1 100 100
39 10 3 1 100 99
39 10 4 1 100 100
39 10 5 1 100 95
39 10 6 1 100 96
39 15 0 4 114 120
39 15 1 4 120 120
39 15 2 4 114 120
39 15 3 4 114 120
39 15 4 4 120 120
39 15 5 4 114 120
39 15 6 4 114 120
39 15 7 4 120 120
39 15 8 4 114 120
39 15 9 4 114 120
39 15 10 4 120 120
39 15 11 4 114 120
40 1 4 1 192 192
40 1 5 1 192 192
40 1 6 1 192 192
40 1 7 1 192 192
40 1 8 1 192 192
40 1 9 1 192 192
40 1 10 1 100 92
40 2 4 1 164 164
40 2 5 1 192 192
40 2 6 1 192 192
40 2 7 1 192 192
40 2 8 1 192 192
40 2 9 1 192 192
40 2 10 1 192 192
40 3 1 1 100 100
40 3 3 1 100 92
40 3 4 1 192 192
40 3 5 1 192 192
40 3 6 1 192 192
40 3 7 1 192 192
40 3 8 1 192 192
40 3 9 1 192 192
40 3 10 1 226 192
40 4 1 1 192 192
40 4 2 1 192 192
40 4 3 1 192 192
40 4 4 1 192 192
40 4 5 1 192 192
40 4 6 1 192 192
40 4 7 1 192 192
40 4 8 1 192 192
40 4 9 1 192 192
40 4 10 1 192 192
40 4 11 1 100 92
40 5 1 1 192 192
40 5 2 1 192 192
40 5 3 1 192 192
40 5 4 1 192 192
40 5 5 1 192 192
40 5 6 1 192 192
40 5 7 1 192 192
40 5 8 1 192 192
40 5 9 1 192 192
40 5 10 1 192 192
40 5 11 1 100 92
40 6 1 1 192 192
40 6 2 1 192 192
40 6 3 1 192 192
40 6 4 1 192 192
40 6 5 1 192 192
40 6 6 1 192 192
40 6 7 1 192 192
40 6 8 1 192 192
40 6 9 1 192 192
40 6 10 1 192 192
40 6 11 1 100 92
40 7 1 1 192 192
40 7 2 1 192 192
40 7 3 1 192 192
40 7 4 1 192 192
40 7 5 1 192 192
40 7 6 1 192 192
40 7 7 1 192 192
40 7 8 1 192 192
40 7 9 1 192 192
40 7 10 1 226 192
40 7 11 1 100 92
40 8 1 1 192 192
40 8 2 1 192 192
40 8 3 1 192 192
40 8 4 1 192 192
40 8 5 1 192 192
40 8 6 1 192 192
40 8 7 1 192 192
40 8 8 1 192 192
40 8 9 1 192 192
40 8 10 1 192 192
40 9 1 1 192 192
40 9 2 1 192 192
40 9 3 1 192 192
40 9 4 1 192 192
40 9 5 1 192 192
40 9 6 1 192 192
40 9 7 1 192 192
40 9 8 1 192 192
40 9 9 1 192 192
40 9 10 1 100 100
40 10 2 1 100 92
40 10 3 1 164 164
40 10 4 1 226 192
40 10 5 1 226 192
40 10 6 1 192 192
40 10 7 1 226 192
40 10 8 1 164 164
40 10 9 1 100 100
40 15 0 5 124 128
40 15 1 5 128 128
40 15 2 5 124 128
40 15 3 5 124 128
40 15 4 5 128 128
40 15 5 5 124 128
40 15 6 5 124 128
40 15 7 5 128 128
40 15 8 5 124 128
40 15 9 5 124 128
40 15 10 5 128 128
40 15 11 5 124 128
41 0 3 1 192 192
41 0 4 1 192 192
41 0 5 1 192 192
41 0 6 1 192 192
41 0 7 1 192 192
41 1 3 1 164 147
41 1 4 1 192 192
41 1 5 1 192 192
41 1 6 1 192 192
41 1 7 1 192 192
41 1 8 1 100 92
41 2 3 1 164 146
41 2 4 1 192 192
41 2 5 1 192 192
41 2 6 1 192 192
41 2 7 1 192 192
41 2 8 1 164 164
41 3 0 1 100 100
41 3 2 1 100 92
41 3 3 1 192 192
41 3 4 1 192 192
41 3 5 1 192 192
41 3 6 1 192 192
41 3 7 1 192 192
41 3 8 1 226 192
41 4 0 1 192 192
41 4 1 1 192 192
41 4 2 1 192 192
41 4 3 1 192 192
41 4 4 1 192 192
41 4 5 1 192 192
41 4 6 1 192 192
41 4 7 1 192 192
41 4 8 1 192 192
41 5 0 1 192 192
41 5 1 1 192 192
41 5 2 1 192 192
41 5 3 1 192 192
41 5 4 1 192 192
41 5 5 1 192 192
41 5 6 1 192 192
41 5 7 1 192 192
41 5 8 1 226 192
41 6 0 1 192 192
41 6 1 1 192 192
41 6 2 1 192 192
41 6 3 1 192 192
41 6 4 1 192 192
41 6 5 1 192 192
41 6 6 1 192 192
41 6 7 1 192 192
41 6 8 1 164 164
41 7 0 1 192 192
41 7 1 1 192 192
41 7 2 1 192 192
41 7 3 1 192 192
41 7 4 1 192 192
41 7 5 1 192 192
41 7 6 1 192 192
41 7 7 1 192 192
41 7 8 1 100 100
41 8 0 1 100 92
41 8 1 1 192 192
41 8 2 1 226 192
41 8 3 1 192 192
41 8 4 1 192 192
41 8 5 1 226 192
41 8 6 1 192 192
41 8 7 1 100 100
41 9 3 1 100 95
41 9 4 1 100 92
41 9 5 1 100 92
41 15 0 6 186 184
41 15 1 6 192 184
41 15 2 6 186 184
41 15 3 6 186 184
41 15 4 6 192 184
41 15 5 6 186 184
41 15 6 6 186 184
41 15 7 6 192 184
41 15 8 6 186 184
41 15 9 6 186 184
41 15 10 6 192 184
41 15 11 6 186 184
42 1 4 1 100 100
42 1 5 1 192 192
42 1 6 1 192 192
42 1 7 1 192 192
42 1 8 1 192 192
42 1 9 1 100 92
42 2 5 1 192 192
42 2 6 1 192 192
42 2 7 1 192 192
42 2 8 1 192 192
42 2 9 1 226 192
42 3 4 1 100 92
42 3 5 1 192 192
42 3 6 1 192 192
42 3 7 1 192 192
42 3 8 1 192 192
42 3 9 1 192 192
42 4 1 1 192 192
42 4 2 1 164 147
42 4 3 1 164 146
42 4 4 1 192 192
42 4 5 1 192 192
42 4 6 1 192 192
42 4 7 1 192 192
42 4 8 1 192 192
42 4 9 1 192 192
42 4 10 1 100 92
42 5 1 1 192 192
42 5 2 1 192 192
42 5 3 1 192 192
42 5 4 1 192 192
42 5 5 1 192 192
42 5 6 1 192 192
42 5 7 1 192 192
42 5 8 1 192 192
42 5 9 1 192 192
42 5 10 1 100 92
42 6 1 1 192 192
42 6 2 1 192 192
42 6 3 1 192 192
42 6 4 1 192 192
42 6 5 1 192 192
42 6 6 1 192 192
42 6 7 1 192 192
42 6 8 1 192 192
42 6 9 1 226 192
42 6 10 1 100 92
42 7 1 1 192 192
42 7 2 1 192 192
42 7 3 1 192 192
42 7 4 1 192 192
42 7 5 1 192 192
42 7 6 1 192 192
42 7 7 1 192 192
42 7 8 1 192 192
42 7 9 1 192 192
42 8 1 1 192 192
42 8 2 1 192 192
42 8 3 1 192 192
42 8 4 1 192 192
42 8 5 1 192 192
42 8 6 1 192 192
42 8 7 1 192 192
42 8 8 1 192 192
42 8 9 1 100 100
42 9 2 1 100 92
42 9 3 1 164 164
42 9 4 1 192 192
42 9 5 1 226 192
42 9 6 1 226 192
42 9 7 1 164 164
42 9 8 1 100 100
42 15 0 7 202 200
42 15 1 7 208 200
42 15 2 7 202 200
42 15 3 7 202 200
42 15 4 7 208 200
42 15 5 7 202 200
42 15 6 7 202 200
42 15 7 7 208 200
42 15 8 7 202 200
42 15 9 7 202 200
42 15 10 7 208 200
42 15 11 7 202 200
43 0 3 1 192 192
43 0 4 1 192 192
43 0 5 1 192 192
43 0 6 1 192 192
43 1 3 1 164 147
43 1 4 1 192 192
43 1 5 1 192 192
43 1 6 1 192 192
43 1 7 1 100 83
43 2 3 1 164 146
43 2 4 1 192 192
43 2 5 1 192 192
43 2 6 1 192 192
43 2 7 1 164 151
43 3 0 1 100 100
43 3 2 1 100 92
43 3 3 1 192 192
43 3 4 1 192 192
43 3 5 1 192 192
43 3 6 1 192 192
43 3 7 1 164 164
43 4 0 1 192 192
43 4 1 1 192 192
43 4 2 1 192 192
43 4 3 1 192 192
43 4 4 1 192 192
43 4 5 1 192 192
43 4 6 1 192 192
43 4 7 1 164 164
43 5 0 1 192 192
43 5 1 1 192 192
43 5 2 1 192 192
43 5 3 1 192 192
43 5 4 1 192 192
43 5 5 1 192 192
43 5 6 1 192 192
43 5 7 1 164 153
43 6 0 1 192 192
43 6 1 1 192 192
43 6 2 1 192 192
43 6 3 1 192 192
43 6 4 1 192 192
43 6 5 1 192 192
43 6 6 1 192 192
43 6 7 1 100 87
43 7 0 1 100 92
43 7 1 1 226 181
43 7 2 1 192 192
43 7 3 1 226 192
43 7 4 1 226 192
43 7 5 1 226 179
43 7 6 1 100 99
43 15 0 8 266 264
43 15 1 8 272 264
43 15 2 8 274 264
43 15 3 8 274 264
43 15 4 8 272 264
43 15 5 8 266 264
43 15 6 8 266 264
43 15 7 8 272 264
43 15 8 8 274 264
43 15 9 8 274 264
43 15 10 8 272 264
43 15 11 8 266 264
44 1 4 1 100 100
44 1 5 1 192 192
44 1 6 1 192 192
44 1 7 1 192 192
44 1 8 1 100 92
44 2 5 1 192 192
44 2 6 1 192 192
44 2 7 1 192 192
44 2 8 1 226 181
44 3 4 1 100 92
44 3 5 1 192 192
44 3 6 1 192 192
44 3 7 1 192 192
44 3 8 1 226 192
44 4 1 1 192 192
44 4 2 1 164 147
44 4 3 1 164 146
44 4 4 1 192 192
44 4 5 1 192 192
44 4 6 1 192 192
44 4 7 1 192 192
44 4 8 1 192 192
44 5 1 1 192 192
44 5 2 1 192 192
44 5 3 1 192 192
44 5 4 1 192 192
44 5 5 1 192 192
44 5 6 1 192 192
44 5 7 1 192 192
44 5 8 1 226 192
44 6 1 1 192 192
44 6 2 1 192 192
44 6 3 1 192 192
44 6 4 1 192 192
44 6 5 1 192 192
44 6 6 1 192 192
44 6 7 1 192 192
44 6 8 1 226 179
44 7 1 1 192 192
44 7 2 1 192 192
44 7 3 1 192 192
44 7 4 1 192 192
44 7 5 1 192 192
44 7 6 1 192 192
44 7 7 1 192 192
44 7 8 1 100 99
44 8 2 1 100 83
44 8 3 1 164 151
44 8 4 1 164 164
44 8 5 1 164 164
44 8 6 1 164 153
44 8 7 1 100 87
44 15 0 9 276 264
44 15 1 9 280 264
44 15 2 9 284 264
44 15 3 9 284 264
44 15 4 9 280 264
44 15 5 9 276 264
44 15 6 9 276 264
44 15 7 9 280 264
44 15 8 9 284 264
44 15 9 9 284 264
44 15 10 9 280 264
44 15 11 9 276 264
45 0 3 1 192 192
45 0 4 1 192 192
45 0 5 1 192 192
45 0 6 1 192 192
45 1 3 1 164 147
45 1 4 1 192 192
45 1 5 1 192 192
45 1 6 1 192 192
45 1 7 1 100 83
45 2 3 1 164 146
45 2 4 1 192 192
45 2 5 1 192 192
45 2 6 1 192 192
45 2 7 1 164 151
45 3 0 1 100 100
45 3 2 1 100 92
45 3 3 1 192 192
45 3 4 1 192 192
45 3 5 1 192 192
45 3 6 1 192 192
45 3 7 1 164 164
45 4 0 1 192 192
45 4 1 1 192 192
45 4 2 1 192 192
45 4 3 1 192 192
45 4 4 1 192 192
45 4 5 1 192 192
45 4 6 1 192 192
45 4 7 1 164 164
45 5 0 1 192 192
45 5 1 1 192 192
45 5 2 1 192 192
45 5 3 1 192 192
45 5 4 1 192 192
45 5 5 1 192 192
45 5 6 1 192 192
45 5 7 1 164 153
45 6 0 1 192 192
45 6 1 1 192 192
45 6 2 1 192 192
45 6 3 1 192 192
45 6 4 1 192 192
45 6 5 1 192 192
45 6 6 1 192 192
45 6 7 1 100 87
45 7 0 1 100 92
45 7 1 1 226 181
45 7 2 1 192 192
45 7 3 1 226 192
45 7 4 1 226 192
45 7 5 1 226 179
45 7 6 1 100 99
45 15 0 9 276 264
45 15 1 9 280 264
45 15 2 9 284 264
45 15 3 9 284 264
45 15 4 9 280 264
45 15 5 9 276 264
45 15 6 9 276 264
45 15 7 9 280 264
45 15 8 9 284 264
45 15 9 9 284 264
45 15 10 9 280 264
45 15 11 9 276 264
46 1 4 1 100 100
46 1 5 1 192 192
46 1 6 1 192 192
46 1 7 1 192 192
46 1 8 1 100 92
46 2 5 1 192 192
46 2 6 1 192 192
46 2 7 1 192 192
46 2 8 1 226 181
46 3 4 1 100 92
46 3 5 1 192 192
46 3 6 1 192 192
46 3 7 1 192 192
46 3 8 1 226 192
46 4 1 1 192 192
46 4 2 1 164 147
46 4 3 1 164 146
46 4 4 1 192 192
46 4 5 1 192 192
46 4 6 1 192 192
46 4 7 1 192 192
46 4 8 1 192 192
46 5 1 1 192 192
46 5 2 1 192 192
46 5 3 1 192 192
46 5 4 1 192 192
46 5 5 1 192 192
46 5 6 1 192 192
46 5 7 1 192 192
46 5 8 1 226 192
46 6 1 1 192 192
46 6 2 1 192 192
46 6 3 1 192 192
46 6 4 1 192 192
46 6 5 1 192 192
46 6 6 1 192 192
46 6 7 1 192 192
46 6 8 1 226 179
46 7 1 1 192 192
46 7 2 1 192 192
46 7 3 1 192 192
46 7 4 1 192 192
46 7 5 1 192 192
46 7 6 1 192 192
46 7 7 1 192 192
46 7 8 1 100 99
46 8 2 1 100 83
46 8 3 1 164 151
46 8 4 1 164 164
46 8 5 1 164 164
46 8 6 1 164 153
46 8 7 1 100 87
46 15 0 9 276 264
46 15 1 9 280 264
46 15 2 9 284 264
46 15 3 9 284 264
46 15 4 9 280 264
46 15 5 9 276 264
46 15 6 9 276 264
46 15 7 9 280 264
46 15 8 9 284 264
46 15 9 9 284 264
46 15 10 9 280 264
46 15 11 9 276 264
47 0 3 1 192 192
47 0 4 1 192 192
47 0 5 1 192 192
47 1 3 1 164 147
47 1 4 1 192 192
47 1 5 1 192 192
47 1 6 1 100 92
47 2 3 1 164 146
47 2 4 1 192 192
47 2 5 1 192 192
47 2 6 1 164 162
47 3 0 1 100 100
47 3 2 1 100 92
47 3 3 1 192 192
47 3 4 1 192 192
47 3 5 1 192 192
47 3 6 1 164 164
47 4 0 1 192 192
47 4 1 1 192 192
47 4 2 1 192 192
47 4 3 1 192 192
47 4 4 1 192 192
47 4 5 1 192 192
47 4 6 1 164 162
47 5 0 1 192 192
47 5 1 1 192 192
47 5 2 1 192 192
47 5 3 1 192 192
47 5 4 1 192 192
47 5 5 1 192 192
47 5 6 1 100 99
47 6 0 1 100 92
47 6 1 1 226 191
47 6 2 1 226 192
47 6 3 1 192 192
47 6 4 1 226 191
47 6 5 1 100 100
47 15 0 10 332 312
47 15 1 10 328 312
47 15 2 10 332 312
47 15 3 10 332 312
47 15 4 10 328 312
47 15 5 10 332 312
47 15 6 10 332 312
47 15 7 10 328 312
47 15 8 10 332 312
47 15 9 10 332 312
47 15 10 10 328 312
47 15 11 10 332 312
48 1 4 1 100 100
48 1 5 1 192 192
48 1 6 1 192 192
48 1 7 1 100 92
48 2 5 1 192 192
48 2 6 1 192 192
48 2 7 1 192 191
48 3 4 1 100 92
48 3 5 1 192 192
48 3 6 1 192 192
48 3 7 1 226 192
48 4 1 1 192 192
48 4 2 1 164 147
48 4 3 1 164 146
48 4 4 1 192 192
48 4 5 1 192 192
48 4 6 1 192 192
48 4 7 1 226 192
48 5 1 1 192 192
48 5 2 1 192 192
48 5 3 1 192 192
48 5 4 1 192 192
48 5 5 1 192 192
48 5 6 1 192 192
48 5 7 1 226 191
48 6 1 1 192 192
48 6 2 1 192 192
48 6 3 1 192 192
48 6 4 1 192 192
48 6 5 1 192 192
48 6 6 1 192 192
48 6 7 1 100 100
48 7 2 1 100 92
48 7 3 1 164 162
48 7 4 1 164 164
48 7 5 1 164 162
48 7 6 1 100 99
48 15 0 10 332 312
48 15 1 10 328 312
48 15 2 10 332 312
48 15 3 10 332 312
48 15 4 10 328 312
48 15 5 10 332 312
48 15 6 10 332 312
48 15 7 10 328 312
48 15 8 10 332 312
48 15 9 10 332 312
48 15 10 10 328 312
48 15 11 10 332 312
49 0 3 1 192 192
49 0 4 1 192 192
49 0 5 1 192 192
49 1 3 1 164 147
49 1 4 1 192 192
49 1 5 1 192 192
49 1 6 1 100 92
49 2 3 1 164 146
49 2 4 1 192 192
49 2 5 1 192 192
49 2 6 1 164 162
49 3 0 1 100 100
49 3 2 1 100 92
49 3 3 1 192 192
49 3 4 1 192 192
49 3 5 1 192 192
49 3 6 1 164 164
49 4 0 1 192 192
49 4 1 1 192 192
49 4 2 1 192 192
49 4 3 1 192 192
49 4 4 1 192 192
49 4 5 1 192 192
49 4 6 1 164 162
49 5 0 1 192 192
49 5 1 1 192 192
49 5 2 1 192 192
49 5 3 1 192 192
49 5 4 1 192 192
49 5 5 1 192 192
49 5 6 1 100 99
49 6 0 1 100 92
49 6 1 1 226 191
49 6 2 1 226 192
49 6 3 1 192 192
49 6 4 1 226 191
49 6 5 1 100 100
49 15 0 10 332 312
49 15 1 10 328 312
49 15 2 10 332 312
49 15 3 10 332 312
49 15 4 10 328 312
49 15 5 10 332 312
49 15 6 10 332 312
49 15 7 10 328 312
49 15 8 10 332 312
49 15 9 10 332 312
49 15 10 10 328 312
49 15 11 10 332 312
50 1 4 1 100 100
50 1 5 1 192 192
50 1 6 1 192 192
50 1 7 1 100 92
50 2 5 1 192 192
50 2 6 1 192 192
50 2 7 1 192 191
50 3 4 1 100 92
50 3 5 1 192 192
50 3 6 1 192 192
50 3 7 1 226 192
50 4 1 1 192 192
50 4 2 1 164 147
50 4 3 1 164 146
50 4 4 1 192 192
50 4 5 1 192 192
50 4 6 1 192 192
50 4 7 1 226 192
50 5 1 1 192 192
50 5 2 1 192 192
50 5 3 1 192 192
50 5 4 1 192 192
50 5 5 1 192 192
50 5 6 1 192 192
50 5 7 1 226 191
50 6 1 1 192 192
50 6 2 1 192 192
50 6 3 1 192 192
50 6 4 1 192 192
50 6 5 1 192 192
50 6 6 1 192 192
50 6 7 1 100 100
50 7 2 1 100 92
50 7 3 1 164 162
50 7 4 1 164 164
50 7 5 1 164 162
50 7 6 1 100 99
50 15 0 11 320 304
50 15 1 11 312 304
50 15 2 11 320 304
50 15 3 11 320 304
50 15 4 11 312 304
50 15 5 11 320 304
50 15 6 11 320 304
50 15 7 11 312 304
50 15 8 11 320 304
50 15 9 11 320 304
50 15 10 11 312 304
50 15 11 11 320 304
