1 1 2 0 0 160 157
1 1 3 0 0 432 432
1 1 4 0 0 432 432
1 1 5 0 0 432 432
1 1 6 1 1 192 192
1 1 7 1 1 192 192
1 1 8 1 1 192 192
1 1 9 1 1 164 192
1 2 0 0 0 307 294
1 2 1 0 0 160 157
1 2 2 0 0 307 293
1 2 3 0 0 432 432
1 2 4 0 0 432 432
1 2 5 0 0 432 432
1 2 6 1 1 192 192
1 2 7 1 1 192 192
1 2 8 1 1 192 192
1 2 9 1 1 226 192
1 3 0 0 0 432 432
1 3 1 0 0 432 432
1 3 2 0 0 432 432
1 3 3 0 0 432 432
1 3 4 0 0 432 432
1 3 5 0 0 432 432
1 3 6 1 1 192 192
1 3 7 1 1 192 192
1 3 8 1 1 192 192
1 3 9 1 1 192 192
1 3 10 1 1 100 142
1 4 0 0 0 432 432
1 4 1 0 0 432 432
1 4 2 0 0 432 432
1 4 3 0 0 432 432
1 4 4 0 0 432 432
1 4 5 0 0 432 432
1 4 6 1 1 192 192
1 4 7 1 1 192 192
1 4 8 1 1 192 192
1 4 9 1 1 192 192
1 4 10 1 1 164 178
1 5 0 1 1 192 192
1 5 1 0 0 432 432
1 5 2 0 0 432 432
1 5 3 0 0 432 432
1 5 4 0 0 432 432
1 5 5 1 1 192 192
1 5 6 1 1 192 192
1 5 7 1 1 192 192
1 5 8 1 1 192 192
1 5 9 1 1 192 192
1 5 10 1 1 100 186
1 6 0 1 1 192 192
1 6 1 1 1 192 192
1 6 2 1 1 192 192
1 6 3 1 1 192 192
1 6 4 1 1 192 192
1 6 5 1 1 192 192
1 6 6 1 1 192 192
1 6 7 1 1 192 192
1 6 8 1 1 192 192
1 6 9 1 1 192 192
1 6 10 1 1 164 176
1 7 0 1 1 192 192
1 7 1 1 1 192 192
1 7 2 1 1 192 192
1 7 3 1 1 192 192
1 7 4 1 1 192 192
1 7 5 1 1 192 192
1 7 6 1 1 192 192
1 7 7 1 1 192 192
1 7 8 1 1 192 192
1 7 9 1 1 226 192
1 7 10 1 1 100 144
1 8 0 1 1 226 192
1 8 1 1 1 192 192
1 8 2 1 1 192 192
1 8 3 1 1 192 192
1 8 4 1 1 192 192
1 8 5 1 1 192 192
1 8 6 1 1 192 192
1 8 7 1 1 192 192
1 8 8 1 1 226 192
1 8 9 1 1 192 192
1 9 1 1 1 192 192
1 9 2 1 1 226 192
1 9 3 1 1 192 192
1 9 4 1 1 192 192
1 9 5 1 1 192 192
1 9 6 1 1 192 192
1 9 7 1 1 226 192
1 9 8 1 1 164 192
1 10 3 1 1 100 142
1 10 4 1 1 164 178
1 10 5 1 1 100 186
1 10 6 1 1 164 176
1 10 7 1 1 100 144
2 1 2 0 0 160 157
2 1 3 0 0 432 432
2 1 4 0 0 432 432
2 1 5 0 0 432 432
2 1 6 1 1 192 192
2 1 7 1 1 192 192
2 1 8 1 1 192 192
2 1 9 1 1 100 192
2 2 0 0 0 307 294
2 2 1 0 0 160 157
2 2 2 0 0 307 293
2 2 3 0 0 432 432
2 2 4 0 0 432 432
2 2 5 0 0 432 432
2 2 6 1 1 192 192
2 2 7 1 1 192 192
2 2 8 1 1 192 192
2 2 9 1 1 192 192
2 3 0 0 0 432 432
2 3 1 0 0 432 432
2 3 2 0 0 432 432
2 3 3 0 0 432 432
2 3 4 0 0 432 432
2 3 5 0 0 432 432
2 3 6 1 1 192 192
2 3 7 1 1 192 192
2 3 8 1 1 192 192
2 3 9 1 1 226 192
2 4 0 0 0 432 432
2 4 1 0 0 432 432
2 4 2 0 0 432 432
2 4 3 0 0 432 432
2 4 4 0 0 432 432
2 4 5 0 0 432 432
2 4 6 1 1 192 192
2 4 7 1 1 192 192
2 4 8 1 1 192 192
2 4 9 1 1 226 192
2 5 0 1 1 192 192
2 5 1 0 0 432 432
2 5 2 0 0 432 432
2 5 3 0 0 432 432
2 5 4 0 0 432 432
2 5 5 1 1 192 192
2 5 6 1 1 192 192
2 5 7 1 1 192 192
2 5 8 1 1 192 192
2 5 9 1 1 192 192
2 6 0 1 1 192 192
2 6 1 1 1 192 192
2 6 2 1 1 192 192
2 6 3 1 1 192 192
2 6 4 1 1 192 192
2 6 5 1 1 192 192
2 6 6 1 1 192 192
2 6 7 1 1 192 192
2 6 8 1 1 192 192
2 6 9 1 1 226 192
2 7 0 1 1 192 192
2 7 1 1 1 192 192
2 7 2 1 1 192 192
2 7 3 1 1 192 192
2 7 4 1 1 192 192
2 7 5 1 1 192 192
2 7 6 1 1 192 192
2 7 7 1 1 192 192
2 7 8 1 1 192 192
2 7 9 1 1 192 192
2 8 0 1 1 192 192
2 8 1 1 1 192 192
2 8 2 1 1 192 192
2 8 3 1 1 192 192
2 8 4 1 1 192 192
2 8 5 1 1 192 192
2 8 6 1 1 192 192
2 8 7 1 1 192 192
2 8 8 1 1 192 192
2 8 9 1 1 100 192
2 9 1 1 1 100 192
2 9 2 1 1 192 192
2 9 3 1 1 192 192
2 9 4 1 1 226 192
2 9 5 1 1 226 192
2 9 6 1 1 226 192
2 9 7 1 1 192 192
2 9 8 1 1 100 192
3 1 2 0 0 160 157
3 1 3 0 0 432 432
3 1 4 0 0 432 432
3 1 5 0 0 432 432
3 1 6 1 1 192 192
3 1 7 1 1 192 192
3 1 8 1 1 192 192
3 1 9 1 1 164 192
3 2 0 0 0 307 294
3 2 1 0 0 160 157
3 2 2 0 0 307 293
3 2 3 0 0 432 432
3 2 4 0 0 432 432
3 2 5 0 0 432 432
3 2 6 1 1 192 192
3 2 7 1 1 192 192
3 2 8 1 1 192 192
3 2 9 1 1 226 192
3 3 0 0 0 432 432
3 3 1 0 0 432 432
3 3 2 0 0 432 432
3 3 3 0 0 432 432
3 3 4 0 0 432 432
3 3 5 0 0 432 432
3 3 6 1 1 192 192
3 3 7 1 1 192 192
3 3 8 1 1 192 192
3 3 9 1 1 192 192
3 3 10 1 1 100 155
3 4 0 0 0 432 432
3 4 1 0 0 432 432
3 4 2 0 0 432 432
3 4 3 0 0 432 432
3 4 4 0 0 432 432
3 4 5 0 0 432 432
3 4 6 1 1 192 192
3 4 7 1 1 192 192
3 4 8 1 1 192 192
3 4 9 1 1 192 192
3 4 10 1 1 164 185
3 5 0 1 1 192 192
3 5 1 0 0 432 432
3 5 2 0 0 432 432
3 5 3 0 0 432 432
3 5 4 0 0 432 432
3 5 5 1 1 192 192
3 5 6 1 1 192 192
3 5 7 1 1 192 192
3 5 8 1 1 192 192
3 5 9 1 1 192 192
3 5 10 1 1 100 189
3 6 0 1 1 192 192
3 6 1 1 1 192 192
3 6 2 1 1 192 192
3 6 3 1 1 192 192
3 6 4 1 1 192 192
3 6 5 1 1 192 192
3 6 6 1 1 192 192
3 6 7 1 1 192 192
3 6 8 1 1 192 192
3 6 9 1 1 192 192
3 6 10 1 1 164 185
3 7 0 1 1 192 192
3 7 1 1 1 192 192
3 7 2 1 1 192 192
3 7 3 1 1 192 192
3 7 4 1 1 192 192
3 7 5 1 1 192 192
3 7 6 1 1 192 192
3 7 7 1 1 192 192
3 7 8 1 1 192 192
3 7 9 1 1 226 192
3 7 10 1 1 100 154
3 8 0 1 1 226 192
3 8 1 1 1 192 192
3 8 2 1 1 192 192
3 8 3 1 1 192 192
3 8 4 1 1 192 192
3 8 5 1 1 192 192
3 8 6 1 1 192 192
3 8 7 1 1 192 192
3 8 8 1 1 226 192
3 8 9 1 1 192 192
3 9 1 1 1 192 192
3 9 2 1 1 226 192
3 9 3 1 1 192 192
3 9 4 1 1 192 192
3 9 5 1 1 192 192
3 9 6 1 1 192 192
3 9 7 1 1 226 192
3 9 8 1 1 164 192
3 10 3 1 1 100 155
3 10 4 1 1 164 185
3 10 5 1 1 100 189
3 10 6 1 1 164 185
3 10 7 1 1 100 154
4 1 2 0 0 160 157
4 1 3 0 0 432 432
4 1 4 0 0 432 432
4 1 5 0 0 432 432
4 1 6 1 1 192 192
4 1 7 1 1 192 192
4 1 8 1 1 192 192
4 1 9 1 1 100 192
4 2 0 0 0 307 294
4 2 1 0 0 160 157
4 2 2 0 0 307 293
4 2 3 0 0 432 432
4 2 4 0 0 432 432
4 2 5 0 0 432 432
4 2 6 1 1 192 192
4 2 7 1 1 192 192
4 2 8 1 1 192 192
4 2 9 1 1 192 192
4 3 0 0 0 432 432
4 3 1 0 0 432 432
4 3 2 0 0 432 432
4 3 3 0 0 432 432
4 3 4 0 0 432 432
4 3 5 0 0 432 432
4 3 6 1 1 192 192
4 3 7 1 1 192 192
4 3 8 1 1 192 192
4 3 9 1 1 226 192
4 4 0 0 0 432 432
4 4 1 0 0 432 432
4 4 2 0 0 432 432
4 4 3 0 0 432 432
4 4 4 0 0 432 432
4 4 5 0 0 432 432
4 4 6 1 1 192 192
4 4 7 1 1 192 192
4 4 8 1 1 192 192
4 4 9 1 1 226 192
4 5 0 1 1 192 192
4 5 1 0 0 432 432
4 5 2 0 0 432 432
4 5 3 0 0 432 432
4 5 4 0 0 432 432
4 5 5 1 1 192 192
4 5 6 1 1 192 192
4 5 7 1 1 192 192
4 5 8 1 1 192 192
4 5 9 1 1 192 192
4 6 0 1 1 192 192
4 6 1 1 1 192 192
4 6 2 1 1 192 192
4 6 3 1 1 192 192
4 6 4 1 1 192 192
4 6 5 1 1 192 192
4 6 6 1 1 192 192
4 6 7 1 1 192 192
4 6 8 1 1 192 192
4 6 9 1 1 226 192
4 7 0 1 1 192 192
4 7 1 1 1 192 192
4 7 2 1 1 192 192
4 7 3 1 1 192 192
4 7 4 1 1 192 192
4 7 5 1 1 192 192
4 7 6 1 1 192 192
4 7 7 1 1 192 192
4 7 8 1 1 192 192
4 7 9 1 1 192 192
4 8 0 1 1 192 192
4 8 1 1 1 192 192
4 8 2 1 1 192 192
4 8 3 1 1 192 192
4 8 4 1 1 192 192
4 8 5 1 1 192 192
4 8 6 1 1 192 192
4 8 7 1 1 192 192
4 8 8 1 1 192 192
4 8 9 1 1 100 192
4 9 1 1 1 100 192
4 9 2 1 1 192 192
4 9 3 1 1 192 192
4 9 4 1 1 226 192
4 9 5 1 1 226 192
4 9 6 1 1 226 192
4 9 7 1 1 192 192
4 9 8 1 1 100 192
5 1 2 0 0 160 157
5 1 3 0 0 432 432
5 1 4 0 0 432 432
5 1 5 0 0 432 432
5 1 6 1 1 192 192
5 1 7 1 1 192 192
5 1 8 1 1 192 192
5 1 9 1 1 164 192
5 2 0 0 0 307 294
5 2 1 0 0 160 157
5 2 2 0 0 307 293
5 2 3 0 0 432 432
5 2 4 0 0 432 432
5 2 5 0 0 432 432
5 2 6 1 1 192 192
5 2 7 1 1 192 192
5 2 8 1 1 192 192
5 2 9 1 1 226 192
5 3 0 0 0 432 432
5 3 1 0 0 432 432
5 3 2 0 0 432 432
5 3 3 0 0 432 432
5 3 4 0 0 432 432
5 3 5 0 0 432 432
5 3 6 1 1 192 192
5 3 7 1 1 192 192
5 3 8 1 1 192 192
5 3 9 1 1 192 192
5 3 10 1 1 100 168
5 4 0 0 0 432 432
5 4 1 0 0 432 432
5 4 2 0 0 432 432
5 4 3 0 0 432 432
5 4 4 0 0 432 432
5 4 5 0 0 432 432
5 4 6 1 1 192 192
5 4 7 1 1 192 192
5 4 8 1 1 192 192
5 4 9 1 1 192 192
5 4 10 1 1 164 190
5 5 0 1 1 192 192
5 5 1 0 0 432 432
5 5 2 0 0 432 432
5 5 3 0 0 432 432
5 5 4 0 0 432 432
5 5 5 1 1 192 192
5 5 6 1 1 192 192
5 5 7 1 1 192 192
5 5 8 1 1 192 192
5 5 9 1 1 192 192
5 5 10 1 1 100 192
5 6 0 1 1 192 192
5 6 1 1 1 192 192
5 6 2 1 1 192 192
5 6 3 1 1 192 192
5 6 4 1 1 192 192
5 6 5 1 1 192 192
5 6 6 1 1 192 192
5 6 7 1 1 192 192
5 6 8 1 1 192 192
5 6 9 1 1 192 192
5 6 10 1 1 164 190
5 7 0 1 1 192 192
5 7 1 1 1 192 192
5 7 2 1 1 192 192
5 7 3 1 1 192 192
5 7 4 1 1 192 192
5 7 5 1 1 192 192
5 7 6 1 1 192 192
5 7 7 1 1 192 192
5 7 8 1 1 192 192
5 7 9 1 1 226 192
5 7 10 1 1 100 167
5 8 0 1 1 226 192
5 8 1 1 1 192 192
5 8 2 1 1 192 192
5 8 3 1 1 192 192
5 8 4 1 1 192 192
5 8 5 1 1 192 192
5 8 6 1 1 192 192
5 8 7 1 1 192 192
5 8 8 1 1 226 192
5 8 9 1 1 192 192
5 9 1 1 1 192 192
5 9 2 1 1 226 192
5 9 3 1 1 192 192
5 9 4 1 1 192 192
5 9 5 1 1 192 192
5 9 6 1 1 192 192
5 9 7 1 1 226 192
5 9 8 1 1 164 192
5 10 3 1 1 100 168
5 10 4 1 1 164 190
5 10 5 1 1 100 192
5 10 6 1 1 164 190
5 10 7 1 1 100 167
6 1 2 0 0 160 157
6 1 3 0 0 432 432
6 1 4 0 0 432 432
6 1 5 0 0 432 432
6 1 6 1 1 192 192
6 1 7 1 1 192 192
6 1 8 1 1 192 192
6 1 9 1 1 100 192
6 2 0 0 0 307 294
6 2 1 0 0 160 157
6 2 2 0 0 307 293
6 2 3 0 0 432 432
6 2 4 0 0 432 432
6 2 5 0 0 432 432
6 2 6 1 1 192 192
6 2 7 1 1 192 192
6 2 8 1 1 192 192
6 2 9 1 1 192 192
6 3 0 0 0 432 432
6 3 1 0 0 432 432
6 3 2 0 0 432 432
6 3 3 0 0 432 432
6 3 4 0 0 432 432
6 3 5 0 0 432 432
6 3 6 1 1 192 192
6 3 7 1 1 192 192
6 3 8 1 1 192 192
6 3 9 1 1 226 192
6 4 0 0 0 432 432
6 4 1 0 0 432 432
6 4 2 0 0 432 432
6 4 3 0 0 432 432
6 4 4 0 0 432 432
6 4 5 0 0 432 432
6 4 6 1 1 192 192
6 4 7 1 1 192 192
6 4 8 1 1 192 192
6 4 9 1 1 192 192
6 4 10 1 1 100 190
6 5 0 1 1 192 192
6 5 1 0 0 432 432
6 5 2 0 0 432 432
6 5 3 0 0 432 432
6 5 4 0 0 432 432
6 5 5 1 1 192 192
6 5 6 1 1 192 192
6 5 7 1 1 192 192
6 5 8 1 1 192 192
6 5 9 1 1 192 192
6 5 10 1 1 100 192
6 6 0 1 1 192 192
6 6 1 1 1 192 192
6 6 2 1 1 192 192
6 6 3 1 1 192 192
6 6 4 1 1 192 192
6 6 5 1 1 192 192
6 6 6 1 1 192 192
6 6 7 1 1 192 192
6 6 8 1 1 192 192
6 6 9 1 1 226 192
6 6 10 1 1 100 190
6 7 0 1 1 192 192
6 7 1 1 1 192 192
6 7 2 1 1 192 192
6 7 3 1 1 192 192
6 7 4 1 1 192 192
6 7 5 1 1 192 192
6 7 6 1 1 192 192
6 7 7 1 1 192 192
6 7 8 1 1 192 192
6 7 9 1 1 192 192
6 8 0 1 1 192 192
6 8 1 1 1 192 192
6 8 2 1 1 192 192
6 8 3 1 1 192 192
6 8 4 1 1 192 192
6 8 5 1 1 192 192
6 8 6 1 1 192 192
6 8 7 1 1 192 192
6 8 8 1 1 192 192
6 8 9 1 1 100 192
6 9 1 1 1 100 192
6 9 2 1 1 192 192
6 9 3 1 1 226 192
6 9 4 1 1 192 192
6 9 5 1 1 192 192
6 9 6 1 1 226 192
6 9 7 1 1 192 192
6 9 8 1 1 100 192
6 10 4 1 1 100 190
6 10 5 1 1 100 192
6 10 6 1 1 100 190
7 1 2 0 0 160 157
7 1 3 0 0 432 432
7 1 4 0 0 432 432
7 1 5 0 0 432 432
7 1 6 1 1 192 192
7 1 7 1 1 192 192
7 1 8 1 1 192 192
7 1 9 1 1 164 192
7 2 0 0 0 307 294
7 2 1 0 0 160 157
7 2 2 0 0 307 293
7 2 3 0 0 432 432
7 2 4 0 0 432 432
7 2 5 0 0 432 432
7 2 6 1 1 192 192
7 2 7 1 1 192 192
7 2 8 1 1 192 192
7 2 9 1 1 226 192
7 3 0 0 0 432 432
7 3 1 0 0 432 432
7 3 2 0 0 432 432
7 3 3 0 0 432 432
7 3 4 0 0 432 432
7 3 5 0 0 432 432
7 3 6 1 1 192 192
7 3 7 1 1 192 192
7 3 8 1 1 192 192
7 3 9 1 1 192 192
7 3 10 1 1 100 179
7 4 0 0 0 432 432
7 4 1 0 0 432 432
7 4 2 0 0 432 432
7 4 3 0 0 432 432
7 4 4 0 0 432 432
7 4 5 0 0 432 432
7 4 6 1 1 192 192
7 4 7 1 1 192 192
7 4 8 1 1 192 192
7 4 9 1 1 192 192
7 4 10 1 1 164 192
7 5 0 1 1 192 192
7 5 1 0 0 432 432
7 5 2 0 0 432 432
7 5 3 0 0 432 432
7 5 4 0 0 432 432
7 5 5 1 1 192 192
7 5 6 1 1 192 192
7 5 7 1 1 192 192
7 5 8 1 1 192 192
7 5 9 1 1 192 192
7 5 10 1 1 100 192
7 6 0 1 1 192 192
7 6 1 1 1 192 192
7 6 2 1 1 192 192
7 6 3 1 1 192 192
7 6 4 1 1 192 192
7 6 5 1 1 192 192
7 6 6 1 1 192 192
7 6 7 1 1 192 192
7 6 8 1 1 192 192
7 6 9 1 1 192 192
7 6 10 1 1 164 192
7 7 0 1 1 192 192
7 7 1 1 1 192 192
7 7 2 1 1 192 192
7 7 3 1 1 192 192
7 7 4 1 1 192 192
7 7 5 1 1 192 192
7 7 6 1 1 192 192
7 7 7 1 1 192 192
7 7 8 1 1 192 192
7 7 9 1 1 226 192
7 7 10 1 1 100 178
7 8 0 1 1 226 192
7 8 1 1 1 192 192
7 8 2 1 1 192 192
7 8 3 1 1 192 192
7 8 4 1 1 192 192
7 8 5 1 1 192 192
7 8 6 1 1 192 192
7 8 7 1 1 192 192
7 8 8 1 1 226 192
7 8 9 1 1 192 192
7 9 1 1 1 192 192
7 9 2 1 1 226 192
7 9 3 1 1 192 192
7 9 4 1 1 192 192
7 9 5 1 1 192 192
7 9 6 1 1 192 192
7 9 7 1 1 226 192
7 9 8 1 1 164 192
7 10 3 1 1 100 179
7 10 4 1 1 164 192
7 10 5 1 1 100 192
7 10 6 1 1 164 192
7 10 7 1 1 100 178
8 1 2 0 0 160 157
8 1 3 0 0 432 432
8 1 4 0 0 432 432
8 1 5 0 0 432 432
8 1 6 1 1 192 192
8 1 7 1 1 192 192
8 1 8 1 1 192 192
8 1 9 1 1 100 192
8 2 0 0 0 307 294
8 2 1 0 0 160 157
8 2 2 0 0 307 293
8 2 3 0 0 432 432
8 2 4 0 0 432 432
8 2 5 0 0 432 432
8 2 6 1 1 192 192
8 2 7 1 1 192 192
8 2 8 1 1 192 192
8 2 9 1 1 192 192
8 3 0 0 0 432 432
8 3 1 0 0 432 432
8 3 2 0 0 432 432
8 3 3 0 0 432 432
8 3 4 0 0 432 432
8 3 5 0 0 432 432
8 3 6 1 1 192 192
8 3 7 1 1 192 192
8 3 8 1 1 192 192
8 3 9 1 1 226 192
8 4 0 0 0 432 432
8 4 1 0 0 432 432
8 4 2 0 0 432 432
8 4 3 0 0 432 432
8 4 4 0 0 432 432
8 4 5 0 0 432 432
8 4 6 1 1 192 192
8 4 7 1 1 192 192
8 4 8 1 1 192 192
8 4 9 1 1 192 192
8 4 10 1 1 100 192
8 5 0 1 1 192 192
8 5 1 0 0 432 432
8 5 2 0 0 432 432
8 5 3 0 0 432 432
8 5 4 0 0 432 432
8 5 5 1 1 192 192
8 5 6 1 1 192 192
8 5 7 1 1 192 192
8 5 8 1 1 192 192
8 5 9 1 1 192 192
8 5 10 1 1 100 192
8 6 0 1 1 192 192
8 6 1 1 1 192 192
8 6 2 1 1 192 192
8 6 3 1 1 192 192
8 6 4 1 1 192 192
8 6 5 1 1 192 192
8 6 6 1 1 192 192
8 6 7 1 1 192 192
8 6 8 1 1 192 192
8 6 9 1 1 226 192
8 6 10 1 1 100 192
8 7 0 1 1 192 192
8 7 1 1 1 192 192
8 7 2 1 1 192 192
8 7 3 1 1 192 192
8 7 4 1 1 192 192
8 7 5 1 1 192 192
8 7 6 1 1 192 192
8 7 7 1 1 192 192
8 7 8 1 1 192 192
8 7 9 1 1 192 192
8 8 0 1 1 192 192
8 8 1 1 1 192 192
8 8 2 1 1 192 192
8 8 3 1 1 192 192
8 8 4 1 1 192 192
8 8 5 1 1 192 192
8 8 6 1 1 192 192
8 8 7 1 1 192 192
8 8 8 1 1 192 192
8 8 9 1 1 100 192
8 9 1 1 1 100 192
8 9 2 1 1 192 192
8 9 3 1 1 226 192
8 9 4 1 1 192 192
8 9 5 1 1 192 192
8 9 6 1 1 226 192
8 9 7 1 1 192 192
8 9 8 1 1 100 192
8 10 4 1 1 100 192
8 10 5 1 1 100 192
8 10 6 1 1 100 192
9 1 2 0 0 160 157
9 1 3 0 0 432 432
9 1 4 0 0 432 432
9 1 5 0 0 432 432
9 1 6 1 1 192 192
9 1 7 1 1 192 192
9 1 8 1 1 192 192
9 1 9 1 1 192 192
9 2 0 0 0 307 294
9 2 1 0 0 160 157
9 2 2 0 0 307 293
9 2 3 0 0 432 432
9 2 4 0 0 432 432
9 2 5 0 0 432 432
9 2 6 1 1 192 192
9 2 7 1 1 192 192
9 2 8 1 1 192 192
9 2 9 1 1 192 192
9 2 10 1 1 100 137
9 3 0 0 0 432 432
9 3 1 0 0 432 432
9 3 2 0 0 432 432
9 3 3 0 0 432 432
9 3 4 0 0 432 432
9 3 5 0 0 432 432
9 3 6 1 1 192 192
9 3 7 1 1 192 192
9 3 8 1 1 192 192
9 3 9 1 1 192 192
9 3 10 1 1 164 187
9 4 0 0 0 432 432
9 4 1 0 0 432 432
9 4 2 0 0 432 432
9 4 3 0 0 432 432
9 4 4 0 0 432 432
9 4 5 0 0 432 432
9 4 6 1 1 192 192
9 4 7 1 1 192 192
9 4 8 1 1 192 192
9 4 9 1 1 192 192
9 4 10 1 1 192 192
9 5 0 1 1 192 192
9 5 1 0 0 432 432
9 5 2 0 0 432 432
9 5 3 0 0 432 432
9 5 4 0 0 432 432
9 5 5 1 1 192 192
9 5 6 1 1 192 192
9 5 7 1 1 192 192
9 5 8 1 1 192 192
9 5 9 1 1 192 192
9 5 10 1 1 100 192
9 6 0 1 1 192 192
9 6 1 1 1 192 192
9 6 2 1 1 192 192
9 6 3 1 1 192 192
9 6 4 1 1 192 192
9 6 5 1 1 192 192
9 6 6 1 1 192 192
9 6 7 1 1 192 192
9 6 8 1 1 192 192
9 6 9 1 1 192 192
9 6 10 1 1 192 192
9 7 0 1 1 192 192
9 7 1 1 1 192 192
9 7 2 1 1 192 192
9 7 3 1 1 192 192
9 7 4 1 1 192 192
9 7 5 1 1 192 192
9 7 6 1 1 192 192
9 7 7 1 1 192 192
9 7 8 1 1 192 192
9 7 9 1 1 192 192
9 7 10 1 1 164 186
9 8 0 1 1 192 192
9 8 1 1 1 192 192
9 8 2 1 1 192 192
9 8 3 1 1 192 192
9 8 4 1 1 192 192
9 8 5 1 1 192 192
9 8 6 1 1 192 192
9 8 7 1 1 192 192
9 8 8 1 1 192 192
9 8 9 1 1 192 192
9 8 10 1 1 100 137
9 9 0 1 1 100 173
9 9 1 1 1 192 192
9 9 2 1 1 192 192
9 9 3 1 1 192 192
9 9 4 1 1 192 192
9 9 5 1 1 192 192
9 9 6 1 1 192 192
9 9 7 1 1 192 192
9 9 8 1 1 192 192
9 9 9 1 1 100 165
9 10 2 1 1 100 137
9 10 3 1 1 164 187
9 10 4 1 1 192 192
9 10 5 1 1 100 192
9 10 6 1 1 192 192
9 10 7 1 1 164 186
9 10 8 1 1 100 137
10 1 2 0 0 160 157
10 1 3 0 0 432 432
10 1 4 0 0 432 432
10 1 5 0 0 432 432
10 1 6 1 1 192 192
10 1 7 1 1 192 192
10 1 8 1 1 192 192
10 1 9 1 1 164 192
10 2 0 0 0 307 294
10 2 1 0 0 160 157
10 2 2 0 0 307 293
10 2 3 0 0 432 432
10 2 4 0 0 432 432
10 2 5 0 0 432 432
10 2 6 1 1 192 192
10 2 7 1 1 192 192
10 2 8 1 1 192 192
10 2 9 1 1 192 192
10 3 0 0 0 432 432
10 3 1 0 0 432 432
10 3 2 0 0 432 432
10 3 3 0 0 432 432
10 3 4 0 0 432 432
10 3 5 0 0 432 432
10 3 6 1 1 192 192
10 3 7 1 1 192 192
10 3 8 1 1 192 192
10 3 9 1 1 192 192
10 3 10 1 1 100 187
10 4 0 0 0 432 432
10 4 1 0 0 432 432
10 4 2 0 0 432 432
10 4 3 0 0 432 432
10 4 4 0 0 432 432
10 4 5 0 0 432 432
10 4 6 1 1 192 192
10 4 7 1 1 192 192
10 4 8 1 1 192 192
10 4 9 1 1 192 192
10 4 10 1 1 100 192
10 5 0 1 1 192 192
10 5 1 0 0 432 432
10 5 2 0 0 432 432
10 5 3 0 0 432 432
10 5 4 0 0 432 432
10 5 5 1 1 192 192
10 5 6 1 1 192 192
10 5 7 1 1 192 192
10 5 8 1 1 192 192
10 5 9 1 1 192 192
10 5 10 1 1 100 192
10 6 0 1 1 192 192
10 6 1 1 1 192 192
10 6 2 1 1 192 192
10 6 3 1 1 192 192
10 6 4 1 1 192 192
10 6 5 1 1 192 192
10 6 6 1 1 192 192
10 6 7 1 1 192 192
10 6 8 1 1 192 192
10 6 9 1 1 192 192
10 6 10 1 1 100 192
10 7 0 1 1 192 192
10 7 1 1 1 192 192
10 7 2 1 1 192 192
10 7 3 1 1 192 192
10 7 4 1 1 192 192
10 7 5 1 1 192 192
10 7 6 1 1 192 192
10 7 7 1 1 192 192
10 7 8 1 1 192 192
10 7 9 1 1 192 192
10 7 10 1 1 100 186
10 8 0 1 1 192 192
10 8 1 1 1 192 192
10 8 2 1 1 192 192
10 8 3 1 1 192 192
10 8 4 1 1 192 192
10 8 5 1 1 192 192
10 8 6 1 1 192 192
10 8 7 1 1 192 192
10 8 8 1 1 192 192
10 8 9 1 1 164 192
10 9 0 1 1 100 173
10 9 1 1 1 164 192
10 9 2 1 1 192 192
10 9 3 1 1 192 192
10 9 4 1 1 192 192
10 9 5 1 1 192 192
10 9 6 1 1 192 192
10 9 7 1 1 192 192
10 9 8 1 1 164 192
10 9 9 1 1 100 165
10 10 3 1 1 100 187
10 10 4 1 1 100 192
10 10 5 1 1 100 192
10 10 6 1 1 100 192
10 10 7 1 1 100 186
11 1 2 0 0 160 157
11 1 3 0 0 432 432
11 1 4 0 0 432 432
11 1 5 0 0 432 432
11 1 6 1 1 192 192
11 1 7 1 1 192 192
11 1 8 1 1 192 192
11 1 9 1 1 192 192
11 2 0 0 0 307 294
11 2 1 0 0 160 157
11 2 2 0 0 307 293
11 2 3 0 0 432 432
11 2 4 0 0 432 432
11 2 5 0 0 432 432
11 2 6 1 1 192 192
11 2 7 1 1 192 192
11 2 8 1 1 192 192
11 2 9 1 1 192 192
11 2 10 1 1 100 150
11 3 0 0 0 432 432
11 3 1 0 0 432 432
11 3 2 0 0 432 432
11 3 3 0 0 432 432
11 3 4 0 0 432 432
11 3 5 0 0 432 432
11 3 6 1 1 192 192
11 3 7 1 1 192 192
11 3 8 1 1 192 192
11 3 9 1 1 192 192
11 3 10 1 1 164 191
11 4 0 0 0 432 432
11 4 1 0 0 432 432
11 4 2 0 0 432 432
11 4 3 0 0 432 432
11 4 4 0 0 432 432
11 4 5 0 0 432 432
11 4 6 1 1 192 192
11 4 7 1 1 192 192
11 4 8 1 1 192 192
11 4 9 1 1 192 192
11 4 10 1 1 192 192
11 5 0 1 1 192 192
11 5 1 0 0 432 432
11 5 2 0 0 432 432
11 5 3 0 0 432 432
11 5 4 0 0 432 432
11 5 5 1 1 192 192
11 5 6 1 1 192 192
11 5 7 1 1 192 192
11 5 8 1 1 192 192
11 5 9 1 1 192 192
11 5 10 1 1 100 192
11 6 0 1 1 192 192
11 6 1 1 1 192 192
11 6 2 1 1 192 192
11 6 3 1 1 192 192
11 6 4 1 1 192 192
11 6 5 1 1 192 192
11 6 6 1 1 192 192
11 6 7 1 1 192 192
11 6 8 1 1 192 192
11 6 9 1 1 192 192
11 6 10 1 1 192 192
11 7 0 1 1 192 192
11 7 1 1 1 192 192
11 7 2 1 1 192 192
11 7 3 1 1 192 192
11 7 4 1 1 192 192
11 7 5 1 1 192 192
11 7 6 1 1 192 192
11 7 7 1 1 192 192
11 7 8 1 1 192 192
11 7 9 1 1 192 192
11 7 10 1 1 164 191
11 8 0 1 1 192 192
11 8 1 1 1 192 192
11 8 2 1 1 192 192
11 8 3 1 1 192 192
11 8 4 1 1 192 192
11 8 5 1 1 192 192
11 8 6 1 1 192 192
11 8 7 1 1 192 192
11 8 8 1 1 192 192
11 8 9 1 1 192 192
11 8 10 1 1 100 150
11 9 0 1 1 100 183
11 9 1 1 1 192 192
11 9 2 1 1 192 192
11 9 3 1 1 192 192
11 9 4 1 1 192 192
11 9 5 1 1 192 192
11 9 6 1 1 192 192
11 9 7 1 1 192 192
11 9 8 1 1 192 192
11 9 9 1 1 100 175
11 10 2 1 1 100 150
11 10 3 1 1 164 191
11 10 4 1 1 192 192
11 10 5 1 1 100 192
11 10 6 1 1 192 192
11 10 7 1 1 164 191
11 10 8 1 1 100 150
12 1 2 0 0 160 157
12 1 3 0 0 432 432
12 1 4 0 0 432 432
12 1 5 0 0 432 432
12 1 6 1 1 192 192
12 1 7 1 1 192 192
12 1 8 1 1 192 192
12 1 9 1 1 164 192
12 2 0 0 0 307 294
12 2 1 0 0 160 157
12 2 2 0 0 307 293
12 2 3 0 0 432 432
12 2 4 0 0 432 432
12 2 5 0 0 432 432
12 2 6 1 1 192 192
12 2 7 1 1 192 192
12 2 8 1 1 192 192
12 2 9 1 1 192 192
12 3 0 0 0 432 432
12 3 1 0 0 432 432
12 3 2 0 0 432 432
12 3 3 0 0 432 432
12 3 4 0 0 432 432
12 3 5 0 0 432 432
12 3 6 1 1 192 192
12 3 7 1 1 192 192
12 3 8 1 1 192 192
12 3 9 1 1 192 192
12 3 10 1 1 100 191
12 4 0 0 0 432 432
12 4 1 0 0 432 432
12 4 2 0 0 432 432
12 4 3 0 0 432 432
12 4 4 0 0 432 432
12 4 5 0 0 432 432
12 4 6 1 1 192 192
12 4 7 1 1 192 192
12 4 8 1 1 192 192
12 4 9 1 1 192 192
12 4 10 1 1 164 192
12 5 0 1 1 192 192
12 5 1 0 0 432 432
12 5 2 0 0 432 432
12 5 3 0 0 432 432
12 5 4 0 0 432 432
12 5 5 1 1 192 192
12 5 6 1 1 192 192
12 5 7 1 1 192 192
12 5 8 1 1 192 192
12 5 9 1 1 192 192
12 5 10 1 1 100 192
12 6 0 1 1 192 192
12 6 1 1 1 192 192
12 6 2 1 1 192 192
12 6 3 1 1 192 192
12 6 4 1 1 192 192
12 6 5 1 1 192 192
12 6 6 1 1 192 192
12 6 7 1 1 192 192
12 6 8 1 1 192 192
12 6 9 1 1 192 192
12 6 10 1 1 164 192
12 7 0 1 1 192 192
12 7 1 1 1 192 192
12 7 2 1 1 192 192
12 7 3 1 1 192 192
12 7 4 1 1 192 192
12 7 5 1 1 192 192
12 7 6 1 1 192 192
12 7 7 1 1 192 192
12 7 8 1 1 192 192
12 7 9 1 1 192 192
12 7 10 1 1 100 191
12 8 0 1 1 192 192
12 8 1 1 1 192 192
12 8 2 1 1 192 192
12 8 3 1 1 192 192
12 8 4 1 1 192 192
12 8 5 1 1 192 192
12 8 6 1 1 192 192
12 8 7 1 1 192 192
12 8 8 1 1 192 192
12 8 9 1 1 164 192
12 9 0 1 1 100 183
12 9 1 1 1 164 192
12 9 2 1 1 192 192
12 9 3 1 1 192 192
12 9 4 1 1 192 192
12 9 5 1 1 192 192
12 9 6 1 1 192 192
12 9 7 1 1 192 192
12 9 8 1 1 164 192
12 9 9 1 1 100 175
12 10 3 1 1 100 191
12 10 4 1 1 164 192
12 10 5 1 1 100 192
12 10 6 1 1 164 192
12 10 7 1 1 100 191
13 1 2 0 0 160 157
13 1 3 0 0 432 432
13 1 4 0 0 432 432
13 1 5 0 0 432 432
13 1 6 1 1 192 192
13 1 7 1 1 192 192
13 1 8 1 1 192 192
13 1 9 1 1 192 192
13 2 0 0 0 307 294
13 2 1 0 0 160 157
13 2 2 0 0 307 293
13 2 3 0 0 432 432
13 2 4 0 0 432 432
13 2 5 0 0 432 432
13 2 6 1 1 192 192
13 2 7 1 1 192 192
13 2 8 1 1 192 192
13 2 9 1 1 192 192
13 2 10 1 1 100 163
13 3 0 0 0 432 432
13 3 1 0 0 432 432
13 3 2 0 0 432 432
13 3 3 0 0 432 432
13 3 4 0 0 432 432
13 3 5 0 0 432 432
13 3 6 1 1 192 192
13 3 7 1 1 192 192
13 3 8 1 1 192 192
13 3 9 1 1 192 192
13 3 10 1 1 164 192
13 4 0 0 0 432 432
13 4 1 0 0 432 432
13 4 2 0 0 432 432
13 4 3 0 0 432 432
13 4 4 0 0 432 432
13 4 5 0 0 432 432
13 4 6 1 1 192 192
13 4 7 1 1 192 192
13 4 8 1 1 192 192
13 4 9 1 1 192 192
13 4 10 1 1 192 192
13 5 0 1 1 192 192
13 5 1 0 0 432 432
13 5 2 0 0 432 432
13 5 3 0 0 432 432
13 5 4 0 0 432 432
13 5 5 1 1 192 192
13 5 6 1 1 192 192
13 5 7 1 1 192 192
13 5 8 1 1 192 192
13 5 9 1 1 192 192
13 5 10 1 1 164 192
13 6 0 1 1 192 192
13 6 1 1 1 192 192
13 6 2 1 1 192 192
13 6 3 1 1 192 192
13 6 4 1 1 192 192
13 6 5 1 1 192 192
13 6 6 1 1 192 192
13 6 7 1 1 192 192
13 6 8 1 1 192 192
13 6 9 1 1 192 192
13 6 10 1 1 192 192
13 7 0 1 1 192 192
13 7 1 1 1 192 192
13 7 2 1 1 192 192
13 7 3 1 1 192 192
13 7 4 1 1 192 192
13 7 5 1 1 192 192
13 7 6 1 1 192 192
13 7 7 1 1 192 192
13 7 8 1 1 192 192
13 7 9 1 1 192 192
13 7 10 1 1 164 192
13 8 0 1 1 192 192
13 8 1 1 1 192 192
13 8 2 1 1 192 192
13 8 3 1 1 192 192
13 8 4 1 1 192 192
13 8 5 1 1 192 192
13 8 6 1 1 192 192
13 8 7 1 1 192 192
13 8 8 1 1 192 192
13 8 9 1 1 192 192
13 8 10 1 1 100 163
13 9 0 1 1 100 192
13 9 1 1 1 192 192
13 9 2 1 1 192 192
13 9 3 1 1 192 192
13 9 4 1 1 192 192
13 9 5 1 1 192 192
13 9 6 1 1 192 192
13 9 7 1 1 192 192
13 9 8 1 1 192 192
13 9 9 1 1 100 184
13 10 2 1 1 100 163
13 10 3 1 1 164 192
13 10 4 1 1 192 192
13 10 5 1 1 164 192
13 10 6 1 1 192 192
13 10 7 1 1 164 192
13 10 8 1 1 100 163
14 1 2 0 0 160 157
14 1 3 0 0 432 432
14 1 4 0 0 432 432
14 1 5 0 0 432 432
14 1 6 1 1 192 192
14 1 7 1 1 192 192
14 1 8 1 1 192 192
14 1 9 1 1 192 192
14 2 0 0 0 307 294
14 2 1 0 0 160 157
14 2 2 0 0 307 293
14 2 3 0 0 432 432
14 2 4 0 0 432 432
14 2 5 0 0 432 432
14 2 6 1 1 192 192
14 2 7 1 1 192 192
14 2 8 1 1 192 192
14 2 9 1 1 226 192
14 3 0 0 0 432 432
14 3 1 0 0 432 432
14 3 2 0 0 432 432
14 3 3 0 0 432 432
14 3 4 0 0 432 432
14 3 5 0 0 432 432
14 3 6 1 1 192 192
14 3 7 1 1 192 192
14 3 8 1 1 192 192
14 3 9 1 1 192 192
14 3 10 1 1 100 192
14 4 0 0 0 432 432
14 4 1 0 0 432 432
14 4 2 0 0 432 432
14 4 3 0 0 432 432
14 4 4 0 0 432 432
14 4 5 0 0 432 432
14 4 6 1 1 192 192
14 4 7 1 1 192 192
14 4 8 1 1 192 192
14 4 9 1 1 192 192
14 4 10 1 1 164 192
14 5 0 1 1 192 192
14 5 1 0 0 432 432
14 5 2 0 0 432 432
14 5 3 0 0 432 432
14 5 4 0 0 432 432
14 5 5 1 1 192 192
14 5 6 1 1 192 192
14 5 7 1 1 192 192
14 5 8 1 1 192 192
14 5 9 1 1 192 192
14 5 10 1 1 164 192
14 6 0 1 1 192 192
14 6 1 1 1 192 192
14 6 2 1 1 192 192
14 6 3 1 1 192 192
14 6 4 1 1 192 192
14 6 5 1 1 192 192
14 6 6 1 1 192 192
14 6 7 1 1 192 192
14 6 8 1 1 192 192
14 6 9 1 1 192 192
14 6 10 1 1 164 192
14 7 0 1 1 192 192
14 7 1 1 1 192 192
14 7 2 1 1 192 192
14 7 3 1 1 192 192
14 7 4 1 1 192 192
14 7 5 1 1 192 192
14 7 6 1 1 192 192
14 7 7 1 1 192 192
14 7 8 1 1 192 192
14 7 9 1 1 226 192
14 7 10 1 1 100 192
14 8 0 1 1 192 192
14 8 1 1 1 192 192
14 8 2 1 1 192 192
14 8 3 1 1 192 192
14 8 4 1 1 192 192
14 8 5 1 1 192 192
14 8 6 1 1 192 192
14 8 7 1 1 192 192
14 8 8 1 1 192 192
14 8 9 1 1 192 192
14 9 0 1 1 100 192
14 9 1 1 1 192 192
14 9 2 1 1 226 192
14 9 3 1 1 192 192
14 9 4 1 1 192 192
14 9 5 1 1 192 192
14 9 6 1 1 192 192
14 9 7 1 1 226 192
14 9 8 1 1 192 192
14 9 9 1 1 100 184
14 10 3 1 1 100 192
14 10 4 1 1 164 192
14 10 5 1 1 164 192
14 10 6 1 1 164 192
14 10 7 1 1 100 192
15 1 2 0 0 160 157
15 1 3 0 0 432 432
15 1 4 0 0 432 432
15 1 5 0 0 432 432
15 1 6 1 1 192 192
15 1 7 1 1 192 192
15 1 8 1 1 192 192
15 1 9 1 1 192 192
15 2 0 0 0 307 294
15 2 1 0 0 160 157
15 2 2 0 0 307 293
15 2 3 0 0 432 432
15 2 4 0 0 432 432
15 2 5 0 0 432 432
15 2 6 1 1 192 192
15 2 7 1 1 192 192
15 2 8 1 1 192 192
15 2 9 1 1 192 192
15 2 10 1 1 100 175
15 3 0 0 0 432 432
15 3 1 0 0 432 432
15 3 2 0 0 432 432
15 3 3 0 0 432 432
15 3 4 0 0 432 432
15 3 5 0 0 432 432
15 3 6 1 1 192 192
15 3 7 1 1 192 192
15 3 8 1 1 192 192
15 3 9 1 1 192 192
15 3 10 1 1 192 192
15 4 0 0 0 432 432
15 4 1 0 0 432 432
15 4 2 0 0 432 432
15 4 3 0 0 432 432
15 4 4 0 0 432 432
15 4 5 0 0 432 432
15 4 6 1 1 192 192
15 4 7 1 1 192 192
15 4 8 1 1 192 192
15 4 9 1 1 192 192
15 4 10 1 1 226 192
15 5 0 1 1 192 192
15 5 1 0 0 432 432
15 5 2 0 0 432 432
15 5 3 0 0 432 432
15 5 4 0 0 432 432
15 5 5 1 1 192 192
15 5 6 1 1 192 192
15 5 7 1 1 192 192
15 5 8 1 1 192 192
15 5 9 1 1 192 192
15 5 10 1 1 164 192
15 6 0 1 1 192 192
15 6 1 1 1 192 192
15 6 2 1 1 192 192
15 6 3 1 1 192 192
15 6 4 1 1 192 192
15 6 5 1 1 192 192
15 6 6 1 1 192 192
15 6 7 1 1 192 192
15 6 8 1 1 192 192
15 6 9 1 1 192 192
15 6 10 1 1 226 192
15 7 0 1 1 192 192
15 7 1 1 1 192 192
15 7 2 1 1 192 192
15 7 3 1 1 192 192
15 7 4 1 1 192 192
15 7 5 1 1 192 192
15 7 6 1 1 192 192
15 7 7 1 1 192 192
15 7 8 1 1 192 192
15 7 9 1 1 192 192
15 7 10 1 1 192 192
15 8 0 1 1 192 192
15 8 1 1 1 192 192
15 8 2 1 1 192 192
15 8 3 1 1 192 192
15 8 4 1 1 192 192
15 8 5 1 1 192 192
15 8 6 1 1 192 192
15 8 7 1 1 192 192
15 8 8 1 1 192 192
15 8 9 1 1 192 192
15 8 10 1 1 100 173
15 9 0 1 1 100 192
15 9 1 1 1 192 192
15 9 2 1 1 192 192
15 9 3 1 1 192 192
15 9 4 1 1 192 192
15 9 5 1 1 192 192
15 9 6 1 1 192 192
15 9 7 1 1 192 192
15 9 8 1 1 192 192
15 9 9 1 1 100 192
15 10 2 1 1 100 175
15 10 3 1 1 192 192
15 10 4 1 1 226 192
15 10 5 1 1 164 192
15 10 6 1 1 226 192
15 10 7 1 1 192 192
15 10 8 1 1 100 173
16 1 2 0 0 160 157
16 1 3 0 0 432 432
16 1 4 0 0 432 432
16 1 5 0 0 432 432
16 1 6 1 1 192 192
16 1 7 1 1 192 192
16 1 8 1 1 192 192
16 1 9 1 1 192 192
16 2 0 0 0 307 294
16 2 1 0 0 160 157
16 2 2 0 0 307 293
16 2 3 0 0 432 432
16 2 4 0 0 432 432
16 2 5 0 0 432 432
16 2 6 1 1 192 192
16 2 7 1 1 192 192
16 2 8 1 1 192 192
16 2 9 1 1 192 192
16 2 10 1 1 100 175
16 3 0 0 0 432 432
16 3 1 0 0 432 432
16 3 2 0 0 432 432
16 3 3 0 0 432 432
16 3 4 0 0 432 432
16 3 5 0 0 432 432
16 3 6 1 1 192 192
16 3 7 1 1 192 192
16 3 8 1 1 192 192
16 3 9 1 1 192 192
16 3 10 1 1 164 192
16 4 0 0 0 432 432
16 4 1 0 0 432 432
16 4 2 0 0 432 432
16 4 3 0 0 432 432
16 4 4 0 0 432 432
16 4 5 0 0 432 432
16 4 6 1 1 192 192
16 4 7 1 1 192 192
16 4 8 1 1 192 192
16 4 9 1 1 192 192
16 4 10 1 1 164 192
16 5 0 1 1 192 192
16 5 1 0 0 432 432
16 5 2 0 0 432 432
16 5 3 0 0 432 432
16 5 4 0 0 432 432
16 5 5 1 1 192 192
16 5 6 1 1 192 192
16 5 7 1 1 192 192
16 5 8 1 1 192 192
16 5 9 1 1 192 192
16 5 10 1 1 164 192
16 6 0 1 1 192 192
16 6 1 1 1 192 192
16 6 2 1 1 192 192
16 6 3 1 1 192 192
16 6 4 1 1 192 192
16 6 5 1 1 192 192
16 6 6 1 1 192 192
16 6 7 1 1 192 192
16 6 8 1 1 192 192
16 6 9 1 1 192 192
16 6 10 1 1 164 192
16 7 0 1 1 192 192
16 7 1 1 1 192 192
16 7 2 1 1 192 192
16 7 3 1 1 192 192
16 7 4 1 1 192 192
16 7 5 1 1 192 192
16 7 6 1 1 192 192
16 7 7 1 1 192 192
16 7 8 1 1 192 192
16 7 9 1 1 192 192
16 7 10 1 1 164 192
16 8 0 1 1 192 192
16 8 1 1 1 192 192
16 8 2 1 1 192 192
16 8 3 1 1 192 192
16 8 4 1 1 192 192
16 8 5 1 1 192 192
16 8 6 1 1 192 192
16 8 7 1 1 192 192
16 8 8 1 1 192 192
16 8 9 1 1 192 192
16 8 10 1 1 100 173
16 9 0 1 1 100 192
16 9 1 1 1 192 192
16 9 2 1 1 192 192
16 9 3 1 1 192 192
16 9 4 1 1 192 192
16 9 5 1 1 192 192
16 9 6 1 1 192 192
16 9 7 1 1 192 192
16 9 8 1 1 192 192
16 9 9 1 1 100 192
16 10 2 1 1 100 175
16 10 3 1 1 164 192
16 10 4 1 1 164 192
16 10 5 1 1 164 192
16 10 6 1 1 164 192
16 10 7 1 1 164 192
16 10 8 1 1 100 173
17 1 2 0 0 160 157
17 1 3 0 0 432 432
17 1 4 0 0 432 432
17 1 5 0 0 432 432
17 1 6 1 1 192 192
17 1 7 1 1 192 192
17 1 8 1 1 192 192
17 1 9 1 1 192 192
17 2 0 0 0 307 294
17 2 1 0 0 160 157
17 2 2 0 0 307 293
17 2 3 0 0 432 432
17 2 4 0 0 432 432
17 2 5 0 0 432 432
17 2 6 1 1 192 192
17 2 7 1 1 192 192
17 2 8 1 1 192 192
17 2 9 1 1 192 192
17 2 10 1 1 100 184
17 3 0 0 0 432 432
17 3 1 0 0 432 432
17 3 2 0 0 432 432
17 3 3 0 0 432 432
17 3 4 0 0 432 432
17 3 5 0 0 432 432
17 3 6 1 1 192 192
17 3 7 1 1 192 192
17 3 8 1 1 192 192
17 3 9 1 1 192 192
17 3 10 1 1 192 192
17 4 0 0 0 432 432
17 4 1 0 0 432 432
17 4 2 0 0 432 432
17 4 3 0 0 432 432
17 4 4 0 0 432 432
17 4 5 0 0 432 432
17 4 6 1 1 192 192
17 4 7 1 1 192 192
17 4 8 1 1 192 192
17 4 9 1 1 192 192
17 4 10 1 1 226 192
17 5 0 1 1 192 192
17 5 1 0 0 432 432
17 5 2 0 0 432 432
17 5 3 0 0 432 432
17 5 4 0 0 432 432
17 5 5 1 1 192 192
17 5 6 1 1 192 192
17 5 7 1 1 192 192
17 5 8 1 1 192 192
17 5 9 1 1 192 192
17 5 10 1 1 164 192
17 6 0 1 1 192 192
17 6 1 1 1 192 192
17 6 2 1 1 192 192
17 6 3 1 1 192 192
17 6 4 1 1 192 192
17 6 5 1 1 192 192
17 6 6 1 1 192 192
17 6 7 1 1 192 192
17 6 8 1 1 192 192
17 6 9 1 1 192 192
17 6 10 1 1 226 192
17 7 0 1 1 192 192
17 7 1 1 1 192 192
17 7 2 1 1 192 192
17 7 3 1 1 192 192
17 7 4 1 1 192 192
17 7 5 1 1 192 192
17 7 6 1 1 192 192
17 7 7 1 1 192 192
17 7 8 1 1 192 192
17 7 9 1 1 192 192
17 7 10 1 1 192 192
17 8 0 1 1 192 192
17 8 1 1 1 192 192
17 8 2 1 1 192 192
17 8 3 1 1 192 192
17 8 4 1 1 192 192
17 8 5 1 1 192 192
17 8 6 1 1 192 192
17 8 7 1 1 192 192
17 8 8 1 1 192 192
17 8 9 1 1 192 192
17 8 10 1 1 100 182
17 9 0 1 1 100 192
17 9 1 1 1 192 192
17 9 2 1 1 192 192
17 9 3 1 1 192 192
17 9 4 1 1 192 192
17 9 5 1 1 192 192
17 9 6 1 1 192 192
17 9 7 1 1 192 192
17 9 8 1 1 192 192
17 9 9 1 1 100 192
17 10 2 1 1 100 184
17 10 3 1 1 192 192
17 10 4 1 1 226 192
17 10 5 1 1 164 192
17 10 6 1 1 226 192
17 10 7 1 1 192 192
17 10 8 1 1 100 182
18 1 2 0 0 160 157
18 1 3 0 0 432 432
18 1 4 0 0 432 432
18 1 5 0 0 432 432
18 1 6 1 1 192 192
18 1 7 1 1 192 192
18 1 8 1 1 192 192
18 1 9 1 1 192 192
18 2 0 0 0 307 294
18 2 1 0 0 160 157
18 2 2 0 0 307 293
18 2 3 0 0 432 432
18 2 4 0 0 432 432
18 2 5 0 0 432 432
18 2 6 1 1 192 192
18 2 7 1 1 192 192
18 2 8 1 1 192 192
18 2 9 1 1 192 192
18 2 10 1 1 100 184
18 3 0 0 0 432 432
18 3 1 0 0 432 432
18 3 2 0 0 432 432
18 3 3 0 0 432 432
18 3 4 0 0 432 432
18 3 5 0 0 432 432
18 3 6 1 1 192 192
18 3 7 1 1 192 192
18 3 8 1 1 192 192
18 3 9 1 1 192 192
18 3 10 1 1 164 192
18 4 0 0 0 432 432
18 4 1 0 0 432 432
18 4 2 0 0 432 432
18 4 3 0 0 432 432
18 4 4 0 0 432 432
18 4 5 0 0 432 432
18 4 6 1 1 192 192
18 4 7 1 1 192 192
18 4 8 1 1 192 192
18 4 9 1 1 192 192
18 4 10 1 1 164 192
18 5 0 1 1 192 192
18 5 1 0 0 432 432
18 5 2 0 0 432 432
18 5 3 0 0 432 432
18 5 4 0 0 432 432
18 5 5 1 1 192 192
18 5 6 1 1 192 192
18 5 7 1 1 192 192
18 5 8 1 1 192 192
18 5 9 1 1 192 192
18 5 10 1 1 164 192
18 6 0 1 1 192 192
18 6 1 1 1 192 192
18 6 2 1 1 192 192
18 6 3 1 1 192 192
18 6 4 1 1 192 192
18 6 5 1 1 192 192
18 6 6 1 1 192 192
18 6 7 1 1 192 192
18 6 8 1 1 192 192
18 6 9 1 1 192 192
18 6 10 1 1 164 192
18 7 0 1 1 192 192
18 7 1 1 1 192 192
18 7 2 1 1 192 192
18 7 3 1 1 192 192
18 7 4 1 1 192 192
18 7 5 1 1 192 192
18 7 6 1 1 192 192
18 7 7 1 1 192 192
18 7 8 1 1 192 192
18 7 9 1 1 192 192
18 7 10 1 1 164 192
18 8 0 1 1 192 192
18 8 1 1 1 192 192
18 8 2 1 1 192 192
18 8 3 1 1 192 192
18 8 4 1 1 192 192
18 8 5 1 1 192 192
18 8 6 1 1 192 192
18 8 7 1 1 192 192
18 8 8 1 1 192 192
18 8 9 1 1 192 192
18 8 10 1 1 100 182
18 9 0 1 1 100 192
18 9 1 1 1 192 192
18 9 2 1 1 192 192
18 9 3 1 1 192 192
18 9 4 1 1 192 192
18 9 5 1 1 192 192
18 9 6 1 1 192 192
18 9 7 1 1 192 192
18 9 8 1 1 192 192
18 9 9 1 1 100 192
18 10 2 1 1 100 184
18 10 3 1 1 164 192
18 10 4 1 1 164 192
18 10 5 1 1 164 192
18 10 6 1 1 164 192
18 10 7 1 1 164 192
18 10 8 1 1 100 182
19 1 2 0 0 160 157
19 1 3 0 0 432 432
19 1 4 0 0 432 432
19 1 5 0 0 432 432
19 1 6 1 1 192 192
19 1 7 1 1 192 192
19 1 8 1 1 192 192
19 1 9 1 1 192 192
19 2 0 0 0 307 294
19 2 1 0 0 160 157
19 2 2 0 0 307 293
19 2 3 0 0 432 432
19 2 4 0 0 432 432
19 2 5 0 0 432 432
19 2 6 1 1 192 192
19 2 7 1 1 192 192
19 2 8 1 1 192 192
19 2 9 1 1 192 192
19 2 10 1 1 100 191
19 3 0 0 0 432 432
19 3 1 0 0 432 432
19 3 2 0 0 432 432
19 3 3 0 0 432 432
19 3 4 0 0 432 432
19 3 5 0 0 432 432
19 3 6 1 1 192 192
19 3 7 1 1 192 192
19 3 8 1 1 192 192
19 3 9 1 1 192 192
19 3 10 1 1 192 192
19 4 0 0 0 432 432
19 4 1 0 0 432 432
19 4 2 0 0 432 432
19 4 3 0 0 432 432
19 4 4 0 0 432 432
19 4 5 0 0 432 432
19 4 6 1 1 192 192
19 4 7 1 1 192 192
19 4 8 1 1 192 192
19 4 9 1 1 192 192
19 4 10 1 1 226 192
19 5 0 1 1 192 192
19 5 1 0 0 432 432
19 5 2 0 0 432 432
19 5 3 0 0 432 432
19 5 4 0 0 432 432
19 5 5 1 1 192 192
19 5 6 1 1 192 192
19 5 7 1 1 192 192
19 5 8 1 1 192 192
19 5 9 1 1 192 192
19 5 10 1 1 164 192
19 6 0 1 1 192 192
19 6 1 1 1 192 192
19 6 2 1 1 192 192
19 6 3 1 1 192 192
19 6 4 1 1 192 192
19 6 5 1 1 192 192
19 6 6 1 1 192 192
19 6 7 1 1 192 192
19 6 8 1 1 192 192
19 6 9 1 1 192 192
19 6 10 1 1 226 192
19 7 0 1 1 192 192
19 7 1 1 1 192 192
19 7 2 1 1 192 192
19 7 3 1 1 192 192
19 7 4 1 1 192 192
19 7 5 1 1 192 192
19 7 6 1 1 192 192
19 7 7 1 1 192 192
19 7 8 1 1 192 192
19 7 9 1 1 192 192
19 7 10 1 1 192 192
19 8 0 1 1 192 192
19 8 1 1 1 192 192
19 8 2 1 1 192 192
19 8 3 1 1 192 192
19 8 4 1 1 192 192
19 8 5 1 1 192 192
19 8 6 1 1 192 192
19 8 7 1 1 192 192
19 8 8 1 1 192 192
19 8 9 1 1 226 192
19 8 10 1 1 100 190
19 9 0 1 1 164 192
19 9 1 1 1 226 192
19 9 2 1 1 192 192
19 9 3 1 1 192 192
19 9 4 1 1 192 192
19 9 5 1 1 192 192
19 9 6 1 1 192 192
19 9 7 1 1 192 192
19 9 8 1 1 192 192
19 9 9 1 1 164 192
19 10 2 1 1 100 191
19 10 3 1 1 192 192
19 10 4 1 1 226 192
19 10 5 1 1 164 192
19 10 6 1 1 226 192
19 10 7 1 1 192 192
19 10 8 1 1 100 190
20 1 2 0 0 160 157
20 1 3 0 0 432 432
20 1 4 0 0 432 432
20 1 5 0 0 432 432
20 1 6 1 1 192 192
20 1 7 1 1 192 192
20 1 8 1 1 192 192
20 1 9 1 1 192 192
20 2 0 0 0 307 294
20 2 1 0 0 160 157
20 2 2 0 0 307 293
20 2 3 0 0 432 432
20 2 4 0 0 432 432
20 2 5 0 0 432 432
20 2 6 1 1 192 192
20 2 7 1 1 192 192
20 2 8 1 1 192 192
20 2 9 1 1 192 192
20 2 10 1 1 100 191
20 3 0 0 0 432 432
20 3 1 0 0 432 432
20 3 2 0 0 432 432
20 3 3 0 0 432 432
20 3 4 0 0 432 432
20 3 5 0 0 432 432
20 3 6 1 1 192 192
20 3 7 1 1 192 192
20 3 8 1 1 192 192
20 3 9 1 1 192 192
20 3 10 1 1 164 192
20 4 0 0 0 432 432
20 4 1 0 0 432 432
20 4 2 0 0 432 432
20 4 3 0 0 432 432
20 4 4 0 0 432 432
20 4 5 0 0 432 432
20 4 6 1 1 192 192
20 4 7 1 1 192 192
20 4 8 1 1 192 192
20 4 9 1 1 192 192
20 4 10 1 1 192 192
20 5 0 1 1 192 192
20 5 1 0 0 432 432
20 5 2 0 0 432 432
20 5 3 0 0 432 432
20 5 4 0 0 432 432
20 5 5 1 1 192 192
20 5 6 1 1 192 192
20 5 7 1 1 192 192
20 5 8 1 1 192 192
20 5 9 1 1 192 192
20 5 10 1 1 164 192
20 6 0 1 1 192 192
20 6 1 1 1 192 192
20 6 2 1 1 192 192
20 6 3 1 1 192 192
20 6 4 1 1 192 192
20 6 5 1 1 192 192
20 6 6 1 1 192 192
20 6 7 1 1 192 192
20 6 8 1 1 192 192
20 6 9 1 1 192 192
20 6 10 1 1 192 192
20 7 0 1 1 192 192
20 7 1 1 1 192 192
20 7 2 1 1 192 192
20 7 3 1 1 192 192
20 7 4 1 1 192 192
20 7 5 1 1 192 192
20 7 6 1 1 192 192
20 7 7 1 1 192 192
20 7 8 1 1 192 192
20 7 9 1 1 192 192
20 7 10 1 1 164 192
20 8 0 1 1 192 192
20 8 1 1 1 192 192
20 8 2 1 1 192 192
20 8 3 1 1 192 192
20 8 4 1 1 192 192
20 8 5 1 1 192 192
20 8 6 1 1 192 192
20 8 7 1 1 192 192
20 8 8 1 1 192 192
20 8 9 1 1 192 192
20 8 10 1 1 100 190
20 9 0 1 1 100 192
20 9 1 1 1 192 192
20 9 2 1 1 192 192
20 9 3 1 1 192 192
20 9 4 1 1 192 192
20 9 5 1 1 192 192
20 9 6 1 1 192 192
20 9 7 1 1 192 192
20 9 8 1 1 192 192
20 9 9 1 1 100 192
20 10 2 1 1 100 191
20 10 3 1 1 164 192
20 10 4 1 1 192 192
20 10 5 1 1 164 192
20 10 6 1 1 192 192
20 10 7 1 1 164 192
20 10 8 1 1 100 190
21 1 2 0 0 160 157
21 1 3 0 0 432 432
21 1 4 0 0 432 432
21 1 5 0 0 432 432
21 1 6 1 1 192 192
21 1 7 1 1 192 192
21 1 8 1 1 192 192
21 1 9 1 1 226 192
21 2 0 0 0 307 294
21 2 1 0 0 160 157
21 2 2 0 0 307 293
21 2 3 0 0 432 432
21 2 4 0 0 432 432
21 2 5 0 0 432 432
21 2 6 1 1 192 192
21 2 7 1 1 192 192
21 2 8 1 1 192 192
21 2 9 1 1 192 192
21 2 10 1 1 164 192
21 3 0 0 0 432 432
21 3 1 0 0 432 432
21 3 2 0 0 432 432
21 3 3 0 0 432 432
21 3 4 0 0 432 432
21 3 5 0 0 432 432
21 3 6 1 1 192 192
21 3 7 1 1 192 192
21 3 8 1 1 192 192
21 3 9 1 1 192 192
21 3 10 1 1 192 192
21 4 0 0 0 432 432
21 4 1 0 0 432 432
21 4 2 0 0 432 432
21 4 3 0 0 432 432
21 4 4 0 0 432 432
21 4 5 0 0 432 432
21 4 6 1 1 192 192
21 4 7 1 1 192 192
21 4 8 1 1 192 192
21 4 9 1 1 192 192
21 4 10 1 1 226 192
21 5 0 1 1 192 192
21 5 1 0 0 432 432
21 5 2 0 0 432 432
21 5 3 0 0 432 432
21 5 4 0 0 432 432
21 5 5 1 1 192 192
21 5 6 1 1 192 192
21 5 7 1 1 192 192
21 5 8 1 1 192 192
21 5 9 1 1 192 192
21 5 10 1 1 164 192
21 6 0 1 1 192 192
21 6 1 1 1 192 192
21 6 2 1 1 192 192
21 6 3 1 1 192 192
21 6 4 1 1 192 192
21 6 5 1 1 192 192
21 6 6 1 1 192 192
21 6 7 1 1 192 192
21 6 8 1 1 192 192
21 6 9 1 1 192 192
21 6 10 1 1 226 192
21 7 0 1 1 192 192
21 7 1 1 1 192 192
21 7 2 1 1 192 192
21 7 3 1 1 192 192
21 7 4 1 1 192 192
21 7 5 1 1 192 192
21 7 6 1 1 192 192
21 7 7 1 1 192 192
21 7 8 1 1 192 192
21 7 9 1 1 192 192
21 7 10 1 1 192 192
21 8 0 1 1 192 192
21 8 1 1 1 192 192
21 8 2 1 1 192 192
21 8 3 1 1 192 192
21 8 4 1 1 192 192
21 8 5 1 1 192 192
21 8 6 1 1 192 192
21 8 7 1 1 192 192
21 8 8 1 1 192 192
21 8 9 1 1 192 192
21 8 10 1 1 164 192
21 9 0 1 1 164 192
21 9 1 1 1 192 192
21 9 2 1 1 192 192
21 9 3 1 1 192 192
21 9 4 1 1 192 192
21 9 5 1 1 192 192
21 9 6 1 1 192 192
21 9 7 1 1 192 192
21 9 8 1 1 226 192
21 9 9 1 1 164 192
21 9 10 1 1 100 139
21 10 1 1 1 100 140
21 10 2 1 1 164 192
21 10 3 1 1 192 192
21 10 4 1 1 226 192
21 10 5 1 1 164 192
21 10 6 1 1 226 192
21 10 7 1 1 192 192
21 10 8 1 1 164 192
22 1 2 0 0 160 157
22 1 3 0 0 432 432
22 1 4 0 0 432 432
22 1 5 0 0 432 432
22 1 6 1 1 192 192
22 1 7 1 1 192 192
22 1 8 1 1 192 192
22 1 9 1 1 192 192
22 2 0 0 0 307 294
22 2 1 0 0 160 157
22 2 2 0 0 307 293
22 2 3 0 0 432 432
22 2 4 0 0 432 432
22 2 5 0 0 432 432
22 2 6 1 1 192 192
22 2 7 1 1 192 192
22 2 8 1 1 192 192
22 2 9 1 1 192 192
22 2 10 1 1 100 192
22 3 0 0 0 432 432
22 3 1 0 0 432 432
22 3 2 0 0 432 432
22 3 3 0 0 432 432
22 3 4 0 0 432 432
22 3 5 0 0 432 432
22 3 6 1 1 192 192
22 3 7 1 1 192 192
22 3 8 1 1 192 192
22 3 9 1 1 192 192
22 3 10 1 1 164 192
22 4 0 0 0 432 432
22 4 1 0 0 432 432
22 4 2 0 0 432 432
22 4 3 0 0 432 432
22 4 4 0 0 432 432
22 4 5 0 0 432 432
22 4 6 1 1 192 192
22 4 7 1 1 192 192
22 4 8 1 1 192 192
22 4 9 1 1 192 192
22 4 10 1 1 192 192
22 5 0 1 1 192 192
22 5 1 0 0 432 432
22 5 2 0 0 432 432
22 5 3 0 0 432 432
22 5 4 0 0 432 432
22 5 5 1 1 192 192
22 5 6 1 1 192 192
22 5 7 1 1 192 192
22 5 8 1 1 192 192
22 5 9 1 1 192 192
22 5 10 1 1 164 192
22 6 0 1 1 192 192
22 6 1 1 1 192 192
22 6 2 1 1 192 192
22 6 3 1 1 192 192
22 6 4 1 1 192 192
22 6 5 1 1 192 192
22 6 6 1 1 192 192
22 6 7 1 1 192 192
22 6 8 1 1 192 192
22 6 9 1 1 192 192
22 6 10 1 1 192 192
22 7 0 1 1 192 192
22 7 1 1 1 192 192
22 7 2 1 1 192 192
22 7 3 1 1 192 192
22 7 4 1 1 192 192
22 7 5 1 1 192 192
22 7 6 1 1 192 192
22 7 7 1 1 192 192
22 7 8 1 1 192 192
22 7 9 1 1 192 192
22 7 10 1 1 164 192
22 8 0 1 1 192 192
22 8 1 1 1 192 192
22 8 2 1 1 192 192
22 8 3 1 1 192 192
22 8 4 1 1 192 192
22 8 5 1 1 192 192
22 8 6 1 1 192 192
22 8 7 1 1 192 192
22 8 8 1 1 192 192
22 8 9 1 1 192 192
22 8 10 1 1 100 192
22 9 0 1 1 100 192
22 9 1 1 1 192 192
22 9 2 1 1 192 192
22 9 3 1 1 192 192
22 9 4 1 1 192 192
22 9 5 1 1 192 192
22 9 6 1 1 192 192
22 9 7 1 1 192 192
22 9 8 1 1 192 192
22 9 9 1 1 100 192
22 10 2 1 1 100 192
22 10 3 1 1 164 192
22 10 4 1 1 192 192
22 10 5 1 1 164 192
22 10 6 1 1 192 192
22 10 7 1 1 164 192
22 10 8 1 1 100 192
23 1 2 0 0 160 157
23 1 3 0 0 432 432
23 1 4 0 0 432 432
23 1 5 0 0 432 432
23 1 6 1 1 192 192
23 1 7 1 1 192 192
23 1 8 1 1 192 192
23 1 9 1 1 226 192
23 2 0 0 0 307 294
23 2 1 0 0 160 157
23 2 2 0 0 307 293
23 2 3 0 0 432 432
23 2 4 0 0 432 432
23 2 5 0 0 432 432
23 2 6 1 1 192 192
23 2 7 1 1 192 192
23 2 8 1 1 192 192
23 2 9 1 1 192 192
23 2 10 1 1 192 192
23 3 0 0 0 432 432
23 3 1 0 0 432 432
23 3 2 0 0 432 432
23 3 3 0 0 432 432
23 3 4 0 0 432 432
23 3 5 0 0 432 432
23 3 6 1 1 192 192
23 3 7 1 1 192 192
23 3 8 1 1 192 192
23 3 9 1 1 192 192
23 3 10 1 1 226 192
23 4 0 0 0 432 432
23 4 1 0 0 432 432
23 4 2 0 0 432 432
23 4 3 0 0 432 432
23 4 4 0 0 432 432
23 4 5 0 0 432 432
23 4 6 1 1 192 192
23 4 7 1 1 192 192
23 4 8 1 1 192 192
23 4 9 1 1 192 192
23 4 10 1 1 226 192
23 5 0 1 1 192 192
23 5 1 0 0 432 432
23 5 2 0 0 432 432
23 5 3 0 0 432 432
23 5 4 0 0 432 432
23 5 5 1 1 192 192
23 5 6 1 1 192 192
23 5 7 1 1 192 192
23 5 8 1 1 192 192
23 5 9 1 1 192 192
23 5 10 1 1 164 192
23 6 0 1 1 192 192
23 6 1 1 1 192 192
23 6 2 1 1 192 192
23 6 3 1 1 192 192
23 6 4 1 1 192 192
23 6 5 1 1 192 192
23 6 6 1 1 192 192
23 6 7 1 1 192 192
23 6 8 1 1 192 192
23 6 9 1 1 192 192
23 6 10 1 1 226 192
23 7 0 1 1 192 192
23 7 1 1 1 192 192
23 7 2 1 1 192 192
23 7 3 1 1 192 192
23 7 4 1 1 192 192
23 7 5 1 1 192 192
23 7 6 1 1 192 192
23 7 7 1 1 192 192
23 7 8 1 1 192 192
23 7 9 1 1 192 192
23 7 10 1 1 226 192
23 8 0 1 1 192 192
23 8 1 1 1 192 192
23 8 2 1 1 192 192
23 8 3 1 1 192 192
23 8 4 1 1 192 192
23 8 5 1 1 192 192
23 8 6 1 1 192 192
23 8 7 1 1 192 192
23 8 8 1 1 192 192
23 8 9 1 1 192 192
23 8 10 1 1 192 192
23 9 0 1 1 164 192
23 9 1 1 1 192 192
23 9 2 1 1 192 192
23 9 3 1 1 192 192
23 9 4 1 1 192 192
23 9 5 1 1 192 192
23 9 6 1 1 192 192
23 9 7 1 1 192 192
23 9 8 1 1 226 192
23 9 9 1 1 164 192
23 9 10 1 1 100 152
23 10 1 1 1 100 154
23 10 2 1 1 192 192
23 10 3 1 1 226 192
23 10 4 1 1 226 192
23 10 5 1 1 164 192
23 10 6 1 1 226 192
23 10 7 1 1 226 192
23 10 8 1 1 192 192
24 1 2 0 0 160 157
24 1 3 0 0 432 432
24 1 4 0 0 432 432
24 1 5 0 0 432 432
24 1 6 1 1 192 192
24 1 7 1 1 192 192
24 1 8 1 1 192 192
24 1 9 1 1 192 192
24 1 10 1 1 100 154
24 2 0 0 0 307 294
24 2 1 0 0 160 157
24 2 2 0 0 307 293
24 2 3 0 0 432 432
24 2 4 0 0 432 432
24 2 5 0 0 432 432
24 2 6 1 1 192 192
24 2 7 1 1 192 192
24 2 8 1 1 192 192
24 2 9 1 1 192 192
24 2 10 1 1 164 192
24 3 0 0 0 432 432
24 3 1 0 0 432 432
24 3 2 0 0 432 432
24 3 3 0 0 432 432
24 3 4 0 0 432 432
24 3 5 0 0 432 432
24 3 6 1 1 192 192
24 3 7 1 1 192 192
24 3 8 1 1 192 192
24 3 9 1 1 192 192
24 3 10 1 1 226 192
24 4 0 0 0 432 432
24 4 1 0 0 432 432
24 4 2 0 0 432 432
24 4 3 0 0 432 432
24 4 4 0 0 432 432
24 4 5 0 0 432 432
24 4 6 1 1 192 192
24 4 7 1 1 192 192
24 4 8 1 1 192 192
24 4 9 1 1 192 192
24 4 10 1 1 226 192
24 5 0 1 1 192 192
24 5 1 0 0 432 432
24 5 2 0 0 432 432
24 5 3 0 0 432 432
24 5 4 0 0 432 432
24 5 5 1 1 192 192
24 5 6 1 1 192 192
24 5 7 1 1 192 192
24 5 8 1 1 192 192
24 5 9 1 1 192 192
24 5 10 1 1 226 192
24 6 0 1 1 192 192
24 6 1 1 1 192 192
24 6 2 1 1 192 192
24 6 3 1 1 192 192
24 6 4 1 1 192 192
24 6 5 1 1 192 192
24 6 6 1 1 192 192
24 6 7 1 1 192 192
24 6 8 1 1 192 192
24 6 9 1 1 192 192
24 6 10 1 1 226 192
24 7 0 1 1 192 192
24 7 1 1 1 192 192
24 7 2 1 1 192 192
24 7 3 1 1 192 192
24 7 4 1 1 192 192
24 7 5 1 1 192 192
24 7 6 1 1 192 192
24 7 7 1 1 192 192
24 7 8 1 1 192 192
24 7 9 1 1 192 192
24 7 10 1 1 192 192
24 8 0 1 1 192 192
24 8 1 1 1 192 192
24 8 2 1 1 192 192
24 8 3 1 1 192 192
24 8 4 1 1 192 192
24 8 5 1 1 192 192
24 8 6 1 1 192 192
24 8 7 1 1 192 192
24 8 8 1 1 192 192
24 8 9 1 1 192 192
24 8 10 1 1 164 192
24 9 0 1 1 192 192
24 9 1 1 1 192 192
24 9 2 1 1 192 192
24 9 3 1 1 192 192
24 9 4 1 1 192 192
24 9 5 1 1 192 192
24 9 6 1 1 192 192
24 9 7 1 1 192 192
24 9 8 1 1 192 192
24 9 9 1 1 192 192
24 9 10 1 1 100 152
24 10 1 1 1 100 154
24 10 2 1 1 164 192
24 10 3 1 1 192 192
24 10 4 1 1 226 192
24 10 5 1 1 226 192
24 10 6 1 1 226 192
24 10 7 1 1 226 192
24 10 8 1 1 164 192
24 10 9 1 1 100 152
25 1 2 0 0 160 157
25 1 3 0 0 432 432
25 1 4 0 0 432 432
25 1 5 0 0 432 432
25 1 6 1 1 192 192
25 1 7 1 1 192 192
25 1 8 1 1 192 192
25 1 9 1 1 226 192
25 2 0 0 0 307 294
25 2 1 0 0 160 157
25 2 2 0 0 307 293
25 2 3 0 0 432 432
25 2 4 0 0 432 432
25 2 5 0 0 432 432
25 2 6 1 1 192 192
25 2 7 1 1 192 192
25 2 8 1 1 192 192
25 2 9 1 1 192 192
25 2 10 1 1 192 192
25 3 0 0 0 432 432
25 3 1 0 0 432 432
25 3 2 0 0 432 432
25 3 3 0 0 432 432
25 3 4 0 0 432 432
25 3 5 0 0 432 432
25 3 6 1 1 192 192
25 3 7 1 1 192 192
25 3 8 1 1 192 192
25 3 9 1 1 192 192
25 3 10 1 1 226 192
25 4 0 0 0 432 432
25 4 1 0 0 432 432
25 4 2 0 0 432 432
25 4 3 0 0 432 432
25 4 4 0 0 432 432
25 4 5 0 0 432 432
25 4 6 1 1 192 192
25 4 7 1 1 192 192
25 4 8 1 1 192 192
25 4 9 1 1 192 192
25 4 10 1 1 192 192
25 4 11 1 1 100 145
25 5 0 1 1 192 192
25 5 1 0 0 432 432
25 5 2 0 0 432 432
25 5 3 0 0 432 432
25 5 4 0 0 432 432
25 5 5 1 1 192 192
25 5 6 1 1 192 192
25 5 7 1 1 192 192
25 5 8 1 1 192 192
25 5 9 1 1 192 192
25 5 10 1 1 226 192
25 6 0 1 1 192 192
25 6 1 1 1 192 192
25 6 2 1 1 192 192
25 6 3 1 1 192 192
25 6 4 1 1 192 192
25 6 5 1 1 192 192
25 6 6 1 1 192 192
25 6 7 1 1 192 192
25 6 8 1 1 192 192
25 6 9 1 1 192 192
25 6 10 1 1 226 192
25 7 0 1 1 192 192
25 7 1 1 1 192 192
25 7 2 1 1 192 192
25 7 3 1 1 192 192
25 7 4 1 1 192 192
25 7 5 1 1 192 192
25 7 6 1 1 192 192
25 7 7 1 1 192 192
25 7 8 1 1 192 192
25 7 9 1 1 192 192
25 7 10 1 1 226 192
25 7 11 1 1 100 146
25 8 0 1 1 192 192
25 8 1 1 1 192 192
25 8 2 1 1 192 192
25 8 3 1 1 192 192
25 8 4 1 1 192 192
25 8 5 1 1 192 192
25 8 6 1 1 192 192
25 8 7 1 1 192 192
25 8 8 1 1 192 192
25 8 9 1 1 192 192
25 8 10 1 1 192 192
25 9 0 1 1 164 192
25 9 1 1 1 192 192
25 9 2 1 1 192 192
25 9 3 1 1 192 192
25 9 4 1 1 192 192
25 9 5 1 1 192 192
25 9 6 1 1 192 192
25 9 7 1 1 192 192
25 9 8 1 1 226 192
25 9 9 1 1 164 192
25 9 10 1 1 100 166
25 10 1 1 1 100 167
25 10 2 1 1 192 192
25 10 3 1 1 226 192
25 10 4 1 1 226 192
25 10 5 1 1 226 192
25 10 6 1 1 192 192
25 10 7 1 1 226 192
25 10 8 1 1 192 192
25 11 4 1 1 100 145
25 11 7 1 1 100 146
26 1 2 0 0 160 157
26 1 3 0 0 432 432
26 1 4 0 0 432 432
26 1 5 0 0 432 432
26 1 6 1 1 192 192
26 1 7 1 1 192 192
26 1 8 1 1 192 192
26 1 9 1 1 192 192
26 1 10 1 1 100 167
26 2 0 0 0 307 294
26 2 1 0 0 160 157
26 2 2 0 0 307 293
26 2 3 0 0 432 432
26 2 4 0 0 432 432
26 2 5 0 0 432 432
26 2 6 1 1 192 192
26 2 7 1 1 192 192
26 2 8 1 1 192 192
26 2 9 1 1 192 192
26 2 10 1 1 164 192
26 3 0 0 0 432 432
26 3 1 0 0 432 432
26 3 2 0 0 432 432
26 3 3 0 0 432 432
26 3 4 0 0 432 432
26 3 5 0 0 432 432
26 3 6 1 1 192 192
26 3 7 1 1 192 192
26 3 8 1 1 192 192
26 3 9 1 1 192 192
26 3 10 1 1 226 192
26 4 0 0 0 432 432
26 4 1 0 0 432 432
26 4 2 0 0 432 432
26 4 3 0 0 432 432
26 4 4 0 0 432 432
26 4 5 0 0 432 432
26 4 6 1 1 192 192
26 4 7 1 1 192 192
26 4 8 1 1 192 192
26 4 9 1 1 192 192
26 4 10 1 1 226 192
26 5 0 1 1 192 192
26 5 1 0 0 432 432
26 5 2 0 0 432 432
26 5 3 0 0 432 432
26 5 4 0 0 432 432
26 5 5 1 1 192 192
26 5 6 1 1 192 192
26 5 7 1 1 192 192
26 5 8 1 1 192 192
26 5 9 1 1 192 192
26 5 10 1 1 226 192
26 6 0 1 1 192 192
26 6 1 1 1 192 192
26 6 2 1 1 192 192
26 6 3 1 1 192 192
26 6 4 1 1 192 192
26 6 5 1 1 192 192
26 6 6 1 1 192 192
26 6 7 1 1 192 192
26 6 8 1 1 192 192
26 6 9 1 1 192 192
26 6 10 1 1 226 192
26 7 0 1 1 192 192
26 7 1 1 1 192 192
26 7 2 1 1 192 192
26 7 3 1 1 192 192
26 7 4 1 1 192 192
26 7 5 1 1 192 192
26 7 6 1 1 192 192
26 7 7 1 1 192 192
26 7 8 1 1 192 192
26 7 9 1 1 192 192
26 7 10 1 1 192 192
26 8 0 1 1 192 192
26 8 1 1 1 192 192
26 8 2 1 1 192 192
26 8 3 1 1 192 192
26 8 4 1 1 192 192
26 8 5 1 1 192 192
26 8 6 1 1 192 192
26 8 7 1 1 192 192
26 8 8 1 1 192 192
26 8 9 1 1 192 192
26 8 10 1 1 164 192
26 9 0 1 1 192 192
26 9 1 1 1 192 192
26 9 2 1 1 192 192
26 9 3 1 1 192 192
26 9 4 1 1 192 192
26 9 5 1 1 192 192
26 9 6 1 1 192 192
26 9 7 1 1 192 192
26 9 8 1 1 192 192
26 9 9 1 1 192 192
26 9 10 1 1 100 166
26 10 1 1 1 100 167
26 10 2 1 1 164 192
26 10 3 1 1 192 192
26 10 4 1 1 226 192
26 10 5 1 1 226 192
26 10 6 1 1 226 192
26 10 7 1 1 226 192
26 10 8 1 1 164 192
26 10 9 1 1 100 166
27 1 3 0 0 432 432
27 1 4 0 0 432 432
27 1 5 0 0 432 432
27 1 6 1 1 192 192
27 1 7 1 1 192 192
27 1 8 1 1 192 192
27 1 9 1 1 226 192
27 2 0 0 0 220 187
27 2 2 0 0 220 181
27 2 3 0 0 432 432
27 2 4 0 0 432 432
27 2 5 0 0 432 432
27 2 6 1 1 192 192
27 2 7 1 1 192 192
27 2 8 1 1 192 192
27 2 9 1 1 192 192
27 2 10 1 1 192 192
27 3 0 0 0 432 432
27 3 1 0 0 432 432
27 3 2 0 0 432 432
27 3 3 0 0 432 432
27 3 4 0 0 432 432
27 3 5 0 0 432 432
27 3 6 1 1 192 192
27 3 7 1 1 192 192
27 3 8 1 1 192 192
27 3 9 1 1 192 192
27 3 10 1 1 226 192
27 4 0 0 0 432 432
27 4 1 0 0 432 432
27 4 2 0 0 432 432
27 4 3 0 0 432 432
27 4 4 0 0 432 432
27 4 5 0 0 432 432
27 4 6 1 1 192 192
27 4 7 1 1 192 192
27 4 8 1 1 192 192
27 4 9 1 1 192 192
27 4 10 1 1 192 192
27 4 11 1 1 100 181
27 5 0 1 1 192 192
27 5 1 0 0 432 432
27 5 2 0 0 432 432
27 5 3 0 0 432 432
27 5 4 0 0 432 432
27 5 5 1 1 192 192
27 5 6 1 1 192 192
27 5 7 1 1 192 192
27 5 8 1 1 192 192
27 5 9 1 1 192 192
27 5 10 1 1 192 192
27 5 11 1 1 100 191
27 6 0 1 1 192 192
27 6 1 1 1 192 192
27 6 2 1 1 192 192
27 6 3 1 1 192 192
27 6 4 1 1 192 192
27 6 5 1 1 192 192
27 6 6 1 1 192 192
27 6 7 1 1 192 192
27 6 8 1 1 192 192
27 6 9 1 1 192 192
27 6 10 1 1 192 192
27 6 11 1 1 100 191
27 7 0 1 1 192 192
27 7 1 1 1 192 192
27 7 2 1 1 192 192
27 7 3 1 1 192 192
27 7 4 1 1 192 192
27 7 5 1 1 192 192
27 7 6 1 1 192 192
27 7 7 1 1 192 192
27 7 8 1 1 192 192
27 7 9 1 1 192 192
27 7 10 1 1 226 192
27 7 11 1 1 100 180
27 8 0 1 1 192 192
27 8 1 1 1 192 192
27 8 2 1 1 192 192
27 8 3 1 1 192 192
27 8 4 1 1 192 192
27 8 5 1 1 192 192
27 8 6 1 1 192 192
27 8 7 1 1 192 192
27 8 8 1 1 192 192
27 8 9 1 1 192 192
27 8 10 1 1 192 192
27 9 0 1 1 100 192
27 9 1 1 1 192 192
27 9 2 1 1 192 192
27 9 3 1 1 192 192
27 9 4 1 1 192 192
27 9 5 1 1 192 192
27 9 6 1 1 192 192
27 9 7 1 1 192 192
27 9 8 1 1 226 192
27 9 9 1 1 100 192
27 9 10 1 1 100 192
27 10 1 1 1 100 192
27 10 2 1 1 192 192
27 10 3 1 1 226 192
27 10 4 1 1 192 192
27 10 5 1 1 192 192
27 10 6 1 1 192 192
27 10 7 1 1 226 192
27 10 8 1 1 192 192
27 11 4 1 1 100 181
27 11 5 1 1 100 191
27 11 6 1 1 100 191
27 11 7 1 1 100 180
28 1 3 0 0 432 432
28 1 4 0 0 432 432
28 1 5 0 0 432 432
28 1 6 1 1 192 192
28 1 7 1 1 192 192
28 1 8 1 1 192 192
28 1 9 1 1 192 192
28 1 10 1 1 100 192
28 2 0 0 0 220 187
28 2 2 0 0 220 181
28 2 3 0 0 432 432
28 2 4 0 0 432 432
28 2 5 0 0 432 432
28 2 6 1 1 192 192
28 2 7 1 1 192 192
28 2 8 1 1 192 192
28 2 9 1 1 192 192
28 2 10 1 1 192 192
28 3 0 0 0 432 432
28 3 1 0 0 432 432
28 3 2 0 0 432 432
28 3 3 0 0 432 432
28 3 4 0 0 432 432
28 3 5 0 0 432 432
28 3 6 1 1 192 192
28 3 7 1 1 192 192
28 3 8 1 1 192 192
28 3 9 1 1 192 192
28 3 10 1 1 192 192
28 3 11 1 1 100 168
28 4 0 0 0 432 432
28 4 1 0 0 432 432
28 4 2 0 0 432 432
28 4 3 0 0 432 432
28 4 4 0 0 432 432
28 4 5 0 0 432 432
28 4 6 1 1 192 192
28 4 7 1 1 192 192
28 4 8 1 1 192 192
28 4 9 1 1 192 192
28 4 10 1 1 192 192
28 4 11 1 1 164 192
28 5 0 1 1 192 192
28 5 1 0 0 432 432
28 5 2 0 0 432 432
28 5 3 0 0 432 432
28 5 4 0 0 432 432
28 5 5 1 1 192 192
28 5 6 1 1 192 192
28 5 7 1 1 192 192
28 5 8 1 1 192 192
28 5 9 1 1 192 192
28 5 10 1 1 192 192
28 5 11 1 1 100 192
28 6 0 1 1 192 192
28 6 1 1 1 192 192
28 6 2 1 1 192 192
28 6 3 1 1 192 192
28 6 4 1 1 192 192
28 6 5 1 1 192 192
28 6 6 1 1 192 192
28 6 7 1 1 192 192
28 6 8 1 1 192 192
28 6 9 1 1 192 192
28 6 10 1 1 192 192
28 6 11 1 1 100 192
28 7 0 1 1 192 192
28 7 1 1 1 192 192
28 7 2 1 1 192 192
28 7 3 1 1 192 192
28 7 4 1 1 192 192
28 7 5 1 1 192 192
28 7 6 1 1 192 192
28 7 7 1 1 192 192
28 7 8 1 1 192 192
28 7 9 1 1 192 192
28 7 10 1 1 192 192
28 7 11 1 1 164 191
28 8 0 1 1 192 192
28 8 1 1 1 192 192
28 8 2 1 1 192 192
28 8 3 1 1 192 192
28 8 4 1 1 192 192
28 8 5 1 1 192 192
28 8 6 1 1 192 192
28 8 7 1 1 192 192
28 8 8 1 1 192 192
28 8 9 1 1 192 192
28 8 10 1 1 192 192
28 8 11 1 1 100 166
28 9 0 1 1 100 192
28 9 1 1 1 192 192
28 9 2 1 1 192 192
28 9 3 1 1 192 192
28 9 4 1 1 192 192
28 9 5 1 1 192 192
28 9 6 1 1 192 192
28 9 7 1 1 192 192
28 9 8 1 1 192 192
28 9 9 1 1 100 192
28 9 10 1 1 164 192
28 10 1 1 1 100 192
28 10 2 1 1 192 192
28 10 3 1 1 192 192
28 10 4 1 1 192 192
28 10 5 1 1 192 192
28 10 6 1 1 192 192
28 10 7 1 1 192 192
28 10 8 1 1 192 192
28 10 9 1 1 100 192
28 11 3 1 1 100 168
28 11 4 1 1 164 192
28 11 5 1 1 100 192
28 11 6 1 1 100 192
28 11 7 1 1 164 191
28 11 8 1 1 100 166
29 1 3 0 0 432 432
29 1 4 0 0 432 432
29 1 5 0 0 432 432
29 1 6 1 1 192 192
29 1 7 1 1 192 192
29 1 8 1 1 192 192
29 1 9 1 1 192 192
29 1 10 1 1 192 192
29 2 0 0 0 220 187
29 2 2 0 0 220 181
29 2 3 0 0 432 432
29 2 4 0 0 432 432
29 2 5 0 0 432 432
29 2 6 1 1 192 192
29 2 7 1 1 192 192
29 2 8 1 1 192 192
29 2 9 1 1 192 192
29 2 10 1 1 226 192
29 3 0 0 0 432 432
29 3 1 0 0 432 432
29 3 2 0 0 432 432
29 3 3 0 0 432 432
29 3 4 0 0 432 432
29 3 5 0 0 432 432
29 3 6 1 1 192 192
29 3 7 1 1 192 192
29 3 8 1 1 192 192
29 3 9 1 1 192 192
29 3 10 1 1 192 192
29 3 11 1 1 100 188
29 4 0 0 0 432 432
29 4 1 0 0 432 432
29 4 2 0 0 432 432
29 4 3 0 0 432 432
29 4 4 0 0 432 432
29 4 5 0 0 432 432
29 4 6 1 1 192 192
29 4 7 1 1 192 192
29 4 8 1 1 192 192
29 4 9 1 1 192 192
29 4 10 1 1 192 192
29 4 11 1 1 164 192
29 5 0 1 1 192 192
29 5 1 0 0 432 432
29 5 2 0 0 432 432
29 5 3 0 0 432 432
29 5 4 0 0 432 432
29 5 5 1 1 192 192
29 5 6 1 1 192 192
29 5 7 1 1 192 192
29 5 8 1 1 192 192
29 5 9 1 1 192 192
29 5 10 1 1 192 192
29 5 11 1 1 164 192
29 6 0 1 1 192 192
29 6 1 1 1 192 192
29 6 2 1 1 192 192
29 6 3 1 1 192 192
29 6 4 1 1 192 192
29 6 5 1 1 192 192
29 6 6 1 1 192 192
29 6 7 1 1 192 192
29 6 8 1 1 192 192
29 6 9 1 1 192 192
29 6 10 1 1 192 192
29 6 11 1 1 164 192
29 7 0 1 1 192 192
29 7 1 1 1 192 192
29 7 2 1 1 192 192
29 7 3 1 1 192 192
29 7 4 1 1 192 192
29 7 5 1 1 192 192
29 7 6 1 1 192 192
29 7 7 1 1 192 192
29 7 8 1 1 192 192
29 7 9 1 1 192 192
29 7 10 1 1 192 192
29 7 11 1 1 164 192
29 8 0 1 1 192 192
29 8 1 1 1 192 192
29 8 2 1 1 192 192
29 8 3 1 1 192 192
29 8 4 1 1 192 192
29 8 5 1 1 192 192
29 8 6 1 1 192 192
29 8 7 1 1 192 192
29 8 8 1 1 192 192
29 8 9 1 1 192 192
29 8 10 1 1 226 192
29 8 11 1 1 100 187
29 9 0 1 1 100 192
29 9 1 1 1 192 192
29 9 2 1 1 192 192
29 9 3 1 1 192 192
29 9 4 1 1 192 192
29 9 5 1 1 192 192
29 9 6 1 1 192 192
29 9 7 1 1 192 192
29 9 8 1 1 192 192
29 9 9 1 1 100 192
29 9 10 1 1 192 192
29 10 1 1 1 192 192
29 10 2 1 1 226 192
29 10 3 1 1 192 192
29 10 4 1 1 192 192
29 10 5 1 1 192 192
29 10 6 1 1 192 192
29 10 7 1 1 192 192
29 10 8 1 1 226 192
29 10 9 1 1 192 192
29 11 3 1 1 100 188
29 11 4 1 1 164 192
29 11 5 1 1 164 192
29 11 6 1 1 164 192
29 11 7 1 1 164 192
29 11 8 1 1 100 187
30 1 3 0 0 432 432
30 1 4 0 0 432 432
30 1 5 0 0 432 432
30 1 6 1 1 192 192
30 1 7 1 1 192 192
30 1 8 1 1 192 192
30 1 9 1 1 192 192
30 1 10 1 1 192 192
30 2 0 0 0 220 187
30 2 2 0 0 220 181
30 2 3 0 0 432 432
30 2 4 0 0 432 432
30 2 5 0 0 432 432
30 2 6 1 1 192 192
30 2 7 1 1 192 192
30 2 8 1 1 192 192
30 2 9 1 1 192 192
30 2 10 1 1 192 192
30 2 11 1 1 100 160
30 3 0 0 0 432 432
30 3 1 0 0 432 432
30 3 2 0 0 432 432
30 3 3 0 0 432 432
30 3 4 0 0 432 432
30 3 5 0 0 432 432
30 3 6 1 1 192 192
30 3 7 1 1 192 192
30 3 8 1 1 192 192
30 3 9 1 1 192 192
30 3 10 1 1 192 192
30 3 11 1 1 164 192
30 4 0 0 0 432 432
30 4 1 0 0 432 432
30 4 2 0 0 432 432
30 4 3 0 0 432 432
30 4 4 0 0 432 432
30 4 5 0 0 432 432
30 4 6 1 1 192 192
30 4 7 1 1 192 192
30 4 8 1 1 192 192
30 4 9 1 1 192 192
30 4 10 1 1 192 192
30 4 11 1 1 226 192
30 5 0 1 1 192 192
30 5 1 0 0 432 432
30 5 2 0 0 432 432
30 5 3 0 0 432 432
30 5 4 0 0 432 432
30 5 5 1 1 192 192
30 5 6 1 1 192 192
30 5 7 1 1 192 192
30 5 8 1 1 192 192
30 5 9 1 1 192 192
30 5 10 1 1 192 192
30 5 11 1 1 164 192
30 6 0 1 1 192 192
30 6 1 1 1 192 192
30 6 2 1 1 192 192
30 6 3 1 1 192 192
30 6 4 1 1 192 192
30 6 5 1 1 192 192
30 6 6 1 1 192 192
30 6 7 1 1 192 192
30 6 8 1 1 192 192
30 6 9 1 1 192 192
30 6 10 1 1 192 192
30 6 11 1 1 164 192
30 7 0 1 1 192 192
30 7 1 1 1 192 192
30 7 2 1 1 192 192
30 7 3 1 1 192 192
30 7 4 1 1 192 192
30 7 5 1 1 192 192
30 7 6 1 1 192 192
30 7 7 1 1 192 192
30 7 8 1 1 192 192
30 7 9 1 1 192 192
30 7 10 1 1 192 192
30 7 11 1 1 226 192
30 8 0 1 1 192 192
30 8 1 1 1 192 192
30 8 2 1 1 192 192
30 8 3 1 1 192 192
30 8 4 1 1 192 192
30 8 5 1 1 192 192
30 8 6 1 1 192 192
30 8 7 1 1 192 192
30 8 8 1 1 192 192
30 8 9 1 1 192 192
30 8 10 1 1 192 192
30 8 11 1 1 164 192
30 9 0 1 1 100 192
30 9 1 1 1 192 192
30 9 2 1 1 192 192
30 9 3 1 1 192 192
30 9 4 1 1 192 192
30 9 5 1 1 192 192
30 9 6 1 1 192 192
30 9 7 1 1 192 192
30 9 8 1 1 192 192
30 9 9 1 1 100 192
30 9 10 1 1 192 192
30 9 11 1 1 100 159
30 10 1 1 1 192 192
30 10 2 1 1 192 192
30 10 3 1 1 192 192
30 10 4 1 1 192 192
30 10 5 1 1 192 192
30 10 6 1 1 192 192
30 10 7 1 1 192 192
30 10 8 1 1 192 192
30 10 9 1 1 192 192
30 11 2 1 1 100 160
30 11 3 1 1 164 192
30 11 4 1 1 226 192
30 11 5 1 1 164 192
30 11 6 1 1 164 192
30 11 7 1 1 226 192
30 11 8 1 1 164 192
30 11 9 1 1 100 159
31 1 3 0 0 432 432
31 1 4 0 0 432 432
31 1 5 0 0 432 432
31 1 6 1 1 192 192
31 1 7 1 1 192 192
31 1 8 1 1 192 192
31 1 9 1 1 192 192
31 1 10 1 1 192 192
31 2 0 0 0 220 187
31 2 2 0 0 220 181
31 2 3 0 0 432 432
31 2 4 0 0 432 432
31 2 5 0 0 432 432
31 2 6 1 1 192 192
31 2 7 1 1 192 192
31 2 8 1 1 192 192
31 2 9 1 1 192 192
31 2 10 1 1 192 192
31 2 11 1 1 100 192
31 3 0 0 0 432 432
31 3 1 0 0 432 432
31 3 2 0 0 432 432
31 3 3 0 0 432 432
31 3 4 0 0 432 432
31 3 5 0 0 432 432
31 3 6 1 1 192 192
31 3 7 1 1 192 192
31 3 8 1 1 192 192
31 3 9 1 1 192 192
31 3 10 1 1 192 192
31 3 11 1 1 192 192
31 4 0 0 0 432 432
31 4 1 0 0 432 432
31 4 2 0 0 432 432
31 4 3 0 0 432 432
31 4 4 0 0 432 432
31 4 5 0 0 432 432
31 4 6 1 1 192 192
31 4 7 1 1 192 192
31 4 8 1 1 192 192
31 4 9 1 1 192 192
31 4 10 1 1 192 192
31 4 11 1 1 226 192
31 5 0 1 1 192 192
31 5 1 0 0 432 432
31 5 2 0 0 432 432
31 5 3 0 0 432 432
31 5 4 0 0 432 432
31 5 5 1 1 192 192
31 5 6 1 1 192 192
31 5 7 1 1 192 192
31 5 8 1 1 192 192
31 5 9 1 1 192 192
31 5 10 1 1 192 192
31 5 11 1 1 164 192
31 5 12 1 1 100 178
31 6 0 1 1 192 192
31 6 1 1 1 192 192
31 6 2 1 1 192 192
31 6 3 1 1 192 192
31 6 4 1 1 192 192
31 6 5 1 1 192 192
31 6 6 1 1 192 192
31 6 7 1 1 192 192
31 6 8 1 1 192 192
31 6 9 1 1 192 192
31 6 10 1 1 192 192
31 6 11 1 1 164 192
31 7 0 1 1 192 192
31 7 1 1 1 192 192
31 7 2 1 1 192 192
31 7 3 1 1 192 192
31 7 4 1 1 192 192
31 7 5 1 1 192 192
31 7 6 1 1 192 192
31 7 7 1 1 192 192
31 7 8 1 1 192 192
31 7 9 1 1 192 192
31 7 10 1 1 192 192
31 7 11 1 1 226 192
31 7 12 1 1 100 178
31 8 0 1 1 192 192
31 8 1 1 1 192 192
31 8 2 1 1 192 192
31 8 3 1 1 192 192
31 8 4 1 1 192 192
31 8 5 1 1 192 192
31 8 6 1 1 192 192
31 8 7 1 1 192 192
31 8 8 1 1 192 192
31 8 9 1 1 192 192
31 8 10 1 1 192 192
31 8 11 1 1 192 192
31 9 0 1 1 100 192
31 9 1 1 1 192 192
31 9 2 1 1 192 192
31 9 3 1 1 192 192
31 9 4 1 1 192 192
31 9 5 1 1 192 192
31 9 6 1 1 192 192
31 9 7 1 1 192 192
31 9 8 1 1 192 192
31 9 9 1 1 100 192
31 9 10 1 1 192 192
31 9 11 1 1 100 192
31 10 1 1 1 192 192
31 10 2 1 1 192 192
31 10 3 1 1 192 192
31 10 4 1 1 192 192
31 10 5 1 1 192 192
31 10 6 1 1 192 192
31 10 7 1 1 192 192
31 10 8 1 1 192 192
31 10 9 1 1 192 192
31 11 2 1 1 100 192
31 11 3 1 1 192 192
31 11 4 1 1 226 192
31 11 5 1 1 164 192
31 11 6 1 1 164 192
31 11 7 1 1 226 192
31 11 8 1 1 192 192
31 11 9 1 1 100 192
31 12 5 1 1 100 178
31 12 7 1 1 100 178
32 1 3 0 0 432 432
32 1 4 0 0 432 432
32 1 5 0 0 432 432
32 1 6 1 1 192 192
32 1 7 1 1 192 192
32 1 8 1 1 192 192
32 1 9 1 1 192 192
32 1 10 1 1 226 192
32 2 0 0 0 220 187
32 2 2 0 0 220 181
32 2 3 0 0 432 432
32 2 4 0 0 432 432
32 2 5 0 0 432 432
32 2 6 1 1 192 192
32 2 7 1 1 192 192
32 2 8 1 1 192 192
32 2 9 1 1 192 192
32 2 10 1 1 192 192
32 2 11 1 1 192 192
32 3 0 0 0 432 432
32 3 1 0 0 432 432
32 3 2 0 0 432 432
32 3 3 0 0 432 432
32 3 4 0 0 432 432
32 3 5 0 0 432 432
32 3 6 1 1 192 192
32 3 7 1 1 192 192
32 3 8 1 1 192 192
32 3 9 1 1 192 192
32 3 10 1 1 192 192
32 3 11 1 1 192 192
32 3 12 1 1 100 190
32 4 0 0 0 432 432
32 4 1 0 0 432 432
32 4 2 0 0 432 432
32 4 3 0 0 432 432
32 4 4 0 0 432 432
32 4 5 0 0 432 432
32 4 6 1 1 192 192
32 4 7 1 1 192 192
32 4 8 1 1 192 192
32 4 9 1 1 192 192
32 4 10 1 1 192 192
32 4 11 1 1 192 192
32 4 12 1 1 164 192
32 5 0 1 1 192 192
32 5 1 0 0 432 432
32 5 2 0 0 432 432
32 5 3 0 0 432 432
32 5 4 0 0 432 432
32 5 5 1 1 192 192
32 5 6 1 1 192 192
32 5 7 1 1 192 192
32 5 8 1 1 192 192
32 5 9 1 1 192 192
32 5 10 1 1 192 192
32 5 11 1 1 226 192
32 5 12 1 1 164 192
32 6 0 1 1 192 192
32 6 1 1 1 192 192
32 6 2 1 1 192 192
32 6 3 1 1 192 192
32 6 4 1 1 192 192
32 6 5 1 1 192 192
32 6 6 1 1 192 192
32 6 7 1 1 192 192
32 6 8 1 1 192 192
32 6 9 1 1 192 192
32 6 10 1 1 192 192
32 6 11 1 1 192 192
32 7 0 1 1 192 192
32 7 1 1 1 192 192
32 7 2 1 1 192 192
32 7 3 1 1 192 192
32 7 4 1 1 192 192
32 7 5 1 1 192 192
32 7 6 1 1 192 192
32 7 7 1 1 192 192
32 7 8 1 1 192 192
32 7 9 1 1 192 192
32 7 10 1 1 192 192
32 7 11 1 1 192 192
32 7 12 1 1 164 192
32 8 0 1 1 192 192
32 8 1 1 1 192 192
32 8 2 1 1 192 192
32 8 3 1 1 192 192
32 8 4 1 1 192 192
32 8 5 1 1 192 192
32 8 6 1 1 192 192
32 8 7 1 1 192 192
32 8 8 1 1 192 192
32 8 9 1 1 192 192
32 8 10 1 1 192 192
32 8 11 1 1 192 192
32 8 12 1 1 164 192
32 9 0 1 1 192 192
32 9 1 1 1 192 192
32 9 2 1 1 192 192
32 9 3 1 1 192 192
32 9 4 1 1 192 192
32 9 5 1 1 192 192
32 9 6 1 1 192 192
32 9 7 1 1 192 192
32 9 8 1 1 192 192
32 9 9 1 1 192 192
32 9 10 1 1 192 192
32 9 11 1 1 192 192
32 9 12 1 1 100 189
32 10 0 1 1 100 192
32 10 1 1 1 192 192
32 10 2 1 1 192 192
32 10 3 1 1 192 192
32 10 4 1 1 192 192
32 10 5 1 1 192 192
32 10 6 1 1 192 192
32 10 7 1 1 192 192
32 10 8 1 1 192 192
32 10 9 1 1 226 192
32 10 10 1 1 100 192
32 10 11 1 1 100 192
32 11 1 1 1 100 192
32 11 2 1 1 192 192
32 11 3 1 1 192 192
32 11 4 1 1 192 192
32 11 5 1 1 192 192
32 11 6 1 1 226 192
32 11 7 1 1 192 192
32 11 8 1 1 192 192
32 11 9 1 1 192 192
32 12 3 1 1 100 190
32 12 4 1 1 164 192
32 12 5 1 1 164 192
32 12 7 1 1 164 192
32 12 8 1 1 164 192
32 12 9 1 1 100 189
33 1 3 0 0 432 432
33 1 4 0 0 432 432
33 1 5 0 0 432 432
33 1 6 1 1 192 192
33 1 7 1 1 192 192
33 1 8 1 1 192 192
33 1 9 1 1 192 192
33 1 10 1 1 192 192
33 1 11 1 1 192 192
33 2 0 0 0 220 187
33 2 2 0 0 220 181
33 2 3 0 0 432 432
33 2 4 0 0 432 432
33 2 5 0 0 432 432
33 2 6 1 1 192 192
33 2 7 1 1 192 192
33 2 8 1 1 192 192
33 2 9 1 1 192 192
33 2 10 1 1 192 192
33 2 11 1 1 192 192
33 2 12 1 1 100 192
33 3 0 0 0 432 432
33 3 1 0 0 432 432
33 3 2 0 0 432 432
33 3 3 0 0 432 432
33 3 4 0 0 432 432
33 3 5 0 0 432 432
33 3 6 1 1 192 192
33 3 7 1 1 192 192
33 3 8 1 1 192 192
33 3 9 1 1 192 192
33 3 10 1 1 192 192
33 3 11 1 1 192 192
33 3 12 1 1 192 192
33 4 0 0 0 432 432
33 4 1 0 0 432 432
33 4 2 0 0 432 432
33 4 3 0 0 432 432
33 4 4 0 0 432 432
33 4 5 0 0 432 432
33 4 6 1 1 192 192
33 4 7 1 1 192 192
33 4 8 1 1 192 192
33 4 9 1 1 192 192
33 4 10 1 1 192 192
33 4 11 1 1 192 192
33 4 12 1 1 192 192
33 5 0 1 1 192 192
33 5 1 0 0 432 432
33 5 2 0 0 432 432
33 5 3 0 0 432 432
33 5 4 0 0 432 432
33 5 5 1 1 192 192
33 5 6 1 1 192 192
33 5 7 1 1 192 192
33 5 8 1 1 192 192
33 5 9 1 1 192 192
33 5 10 1 1 192 192
33 5 11 1 1 192 192
33 5 12 1 1 192 192
33 5 13 1 1 100 183
33 6 0 1 1 192 192
33 6 1 1 1 192 192
33 6 2 1 1 192 192
33 6 3 1 1 192 192
33 6 4 1 1 192 192
33 6 5 1 1 192 192
33 6 6 1 1 192 192
33 6 7 1 1 192 192
33 6 8 1 1 192 192
33 6 9 1 1 192 192
33 6 10 1 1 192 192
33 6 11 1 1 192 192
33 6 12 1 1 164 192
33 7 0 1 1 192 192
33 7 1 1 1 192 192
33 7 2 1 1 192 192
33 7 3 1 1 192 192
33 7 4 1 1 192 192
33 7 5 1 1 192 192
33 7 6 1 1 192 192
33 7 7 1 1 192 192
33 7 8 1 1 192 192
33 7 9 1 1 192 192
33 7 10 1 1 192 192
33 7 11 1 1 192 192
33 7 12 1 1 192 192
33 8 0 1 1 192 192
33 8 1 1 1 192 192
33 8 2 1 1 192 192
33 8 3 1 1 192 192
33 8 4 1 1 192 192
33 8 5 1 1 192 192
33 8 6 1 1 192 192
33 8 7 1 1 192 192
33 8 8 1 1 192 192
33 8 9 1 1 192 192
33 8 10 1 1 192 192
33 8 11 1 1 192 192
33 8 12 1 1 192 192
33 8 13 1 1 100 183
33 9 0 1 1 192 192
33 9 1 1 1 192 192
33 9 2 1 1 192 192
33 9 3 1 1 192 192
33 9 4 1 1 192 192
33 9 5 1 1 192 192
33 9 6 1 1 192 192
33 9 7 1 1 192 192
33 9 8 1 1 192 192
33 9 9 1 1 192 192
33 9 10 1 1 192 192
33 9 11 1 1 192 192
33 9 12 1 1 192 192
33 10 0 1 1 100 192
33 10 1 1 1 192 192
33 10 2 1 1 192 192
33 10 3 1 1 192 192
33 10 4 1 1 192 192
33 10 5 1 1 192 192
33 10 6 1 1 192 192
33 10 7 1 1 192 192
33 10 8 1 1 192 192
33 10 9 1 1 192 192
33 10 10 1 1 100 192
33 10 11 1 1 192 192
33 10 12 1 1 100 192
33 11 1 1 1 192 192
33 11 2 1 1 192 192
33 11 3 1 1 192 192
33 11 4 1 1 192 192
33 11 5 1 1 192 192
33 11 6 1 1 192 192
33 11 7 1 1 192 192
33 11 8 1 1 192 192
33 11 9 1 1 192 192
33 11 10 1 1 192 192
33 12 2 1 1 100 192
33 12 3 1 1 192 192
33 12 4 1 1 192 192
33 12 5 1 1 192 192
33 12 6 1 1 164 192
33 12 7 1 1 192 192
33 12 8 1 1 192 192
33 12 9 1 1 192 192
33 12 10 1 1 100 192
33 13 5 1 1 100 183
33 13 8 1 1 100 183
34 1 4 1 1 192 192
34 1 5 1 1 192 192
34 1 6 1 1 192 192
34 1 7 1 1 192 192
34 1 8 1 1 192 192
34 1 9 1 1 192 192
34 1 10 1 1 100 133
34 2 4 1 1 164 179
34 2 5 1 1 192 192
34 2 6 1 1 192 192
34 2 7 1 1 192 192
34 2 8 1 1 192 192
34 2 9 1 1 192 192
34 2 10 1 1 192 192
34 3 1 1 1 100 106
34 3 3 1 1 100 103
34 3 4 1 1 192 192
34 3 5 1 1 192 192
34 3 6 1 1 192 192
34 3 7 1 1 192 192
34 3 8 1 1 192 192
34 3 9 1 1 192 192
34 3 10 1 1 226 192
34 4 1 1 1 192 192
34 4 2 1 1 192 192
34 4 3 1 1 192 192
34 4 4 1 1 192 192
34 4 5 1 1 192 192
34 4 6 1 1 192 192
34 4 7 1 1 192 192
34 4 8 1 1 192 192
34 4 9 1 1 192 192
34 4 10 1 1 192 192
34 4 11 1 1 100 119
34 5 1 1 1 192 192
34 5 2 1 1 192 192
34 5 3 1 1 192 192
34 5 4 1 1 192 192
34 5 5 1 1 192 192
34 5 6 1 1 192 192
34 5 7 1 1 192 192
34 5 8 1 1 192 192
34 5 9 1 1 192 192
34 5 10 1 1 192 192
34 5 11 1 1 100 143
34 6 1 1 1 192 192
34 6 2 1 1 192 192
34 6 3 1 1 192 192
34 6 4 1 1 192 192
34 6 5 1 1 192 192
34 6 6 1 1 192 192
34 6 7 1 1 192 192
34 6 8 1 1 192 192
34 6 9 1 1 192 192
34 6 10 1 1 192 192
34 6 11 1 1 100 144
34 7 1 1 1 192 192
34 7 2 1 1 192 192
34 7 3 1 1 192 192
34 7 4 1 1 192 192
34 7 5 1 1 192 192
34 7 6 1 1 192 192
34 7 7 1 1 192 192
34 7 8 1 1 192 192
34 7 9 1 1 192 192
34 7 10 1 1 226 192
34 7 11 1 1 100 118
34 8 1 1 1 192 192
34 8 2 1 1 192 192
34 8 3 1 1 192 192
34 8 4 1 1 192 192
34 8 5 1 1 192 192
34 8 6 1 1 192 192
34 8 7 1 1 192 192
34 8 8 1 1 192 192
34 8 9 1 1 192 192
34 8 10 1 1 192 192
34 9 1 1 1 192 192
34 9 2 1 1 192 192
34 9 3 1 1 192 192
34 9 4 1 1 192 192
34 9 5 1 1 192 192
34 9 6 1 1 192 192
34 9 7 1 1 192 192
34 9 8 1 1 192 192
34 9 9 1 1 192 192
34 9 10 1 1 100 135
34 10 2 1 1 100 120
34 10 3 1 1 164 186
34 10 4 1 1 226 192
34 10 5 1 1 226 192
34 10 6 1 1 192 192
34 10 7 1 1 226 192
34 10 8 1 1 164 185
34 10 9 1 1 100 121
34 15 0 2 2 90 84
34 15 1 2 2 96 88
34 15 2 2 2 90 84
34 15 3 2 2 90 84
34 15 4 2 2 96 88
34 15 5 2 2 90 84
34 15 6 2 2 90 84
34 15 7 2 2 96 88
34 15 8 2 2 90 84
34 15 9 2 2 90 84
34 15 10 2 2 96 88
34 15 11 2 2 90 84
35 0 2 1 1 100 106
35 0 3 1 1 192 192
35 0 4 1 1 192 192
35 0 5 1 1 192 192
35 0 6 1 1 192 192
35 0 7 1 1 192 192
35 0 8 1 1 192 192
35 1 3 1 1 192 192
35 1 4 1 1 192 192
35 1 5 1 1 192 192
35 1 6 1 1 192 192
35 1 7 1 1 192 192
35 1 8 1 1 192 192
35 1 9 1 1 100 120
35 2 2 1 1 100 103
35 2 3 1 1 192 192
35 2 4 1 1 192 192
35 2 5 1 1 192 192
35 2 6 1 1 192 192
35 2 7 1 1 192 192
35 2 8 1 1 192 192
35 2 9 1 1 164 186
35 3 0 1 1 192 192
35 3 1 1 1 164 179
35 3 2 1 1 192 192
35 3 3 1 1 192 192
35 3 4 1 1 192 192
35 3 5 1 1 192 192
35 3 6 1 1 192 192
35 3 7 1 1 192 192
35 3 8 1 1 192 192
35 3 9 1 1 192 192
35 4 0 1 1 192 192
35 4 1 1 1 192 192
35 4 2 1 1 192 192
35 4 3 1 1 192 192
35 4 4 1 1 192 192
35 4 5 1 1 192 192
35 4 6 1 1 192 192
35 4 7 1 1 192 192
35 4 8 1 1 192 192
35 4 9 1 1 226 192
35 5 0 1 1 192 192
35 5 1 1 1 192 192
35 5 2 1 1 192 192
35 5 3 1 1 192 192
35 5 4 1 1 192 192
35 5 5 1 1 192 192
35 5 6 1 1 192 192
35 5 7 1 1 192 192
35 5 8 1 1 192 192
35 5 9 1 1 226 192
35 6 0 1 1 192 192
35 6 1 1 1 192 192
35 6 2 1 1 192 192
35 6 3 1 1 192 192
35 6 4 1 1 192 192
35 6 5 1 1 192 192
35 6 6 1 1 192 192
35 6 7 1 1 192 192
35 6 8 1 1 192 192
35 6 9 1 1 226 192
35 7 0 1 1 192 192
35 7 1 1 1 192 192
35 7 2 1 1 192 192
35 7 3 1 1 192 192
35 7 4 1 1 192 192
35 7 5 1 1 192 192
35 7 6 1 1 192 192
35 7 7 1 1 192 192
35 7 8 1 1 192 192
35 7 9 1 1 164 185
35 8 0 1 1 192 192
35 8 1 1 1 192 192
35 8 2 1 1 192 192
35 8 3 1 1 192 192
35 8 4 1 1 192 192
35 8 5 1 1 192 192
35 8 6 1 1 192 192
35 8 7 1 1 192 192
35 8 8 1 1 192 192
35 8 9 1 1 100 121
35 9 0 1 1 100 133
35 9 1 1 1 192 192
35 9 2 1 1 226 192
35 9 3 1 1 192 192
35 9 4 1 1 192 192
35 9 5 1 1 192 192
35 9 6 1 1 226 192
35 9 7 1 1 192 192
35 9 8 1 1 100 135
35 10 3 1 1 100 119
35 10 4 1 1 100 143
35 10 5 1 1 100 144
35 10 6 1 1 100 118
35 15 0 3 2 104 100
35 15 1 3 2 112 104
35 15 2 3 2 104 100
35 15 3 3 2 104 100
35 15 4 3 2 112 104
35 15 5 3 2 104 100
35 15 6 3 2 104 100
35 15 7 3 2 112 104
35 15 8 3 2 104 100
35 15 9 3 2 104 100
35 15 10 3 2 112 104
35 15 11 3 2 104 100
36 1 4 1 1 192 192
36 1 5 1 1 192 192
36 1 6 1 1 192 192
36 1 7 1 1 192 192
36 1 8 1 1 192 192
36 1 9 1 1 192 192
36 1 10 1 1 100 133
36 2 4 1 1 164 179
36 2 5 1 1 192 192
36 2 6 1 1 192 192
36 2 7 1 1 192 192
36 2 8 1 1 192 192
36 2 9 1 1 192 192
36 2 10 1 1 192 192
36 3 1 1 1 100 106
36 3 3 1 1 100 103
36 3 4 1 1 192 192
36 3 5 1 1 192 192
36 3 6 1 1 192 192
36 3 7 1 1 192 192
36 3 8 1 1 192 192
36 3 9 1 1 192 192
36 3 10 1 1 226 192
36 4 1 1 1 192 192
36 4 2 1 1 192 192
36 4 3 1 1 192 192
36 4 4 1 1 192 192
36 4 5 1 1 192 192
36 4 6 1 1 192 192
36 4 7 1 1 192 192
36 4 8 1 1 192 192
36 4 9 1 1 192 192
36 4 10 1 1 192 192
36 4 11 1 1 100 119
36 5 1 1 1 192 192
36 5 2 1 1 192 192
36 5 3 1 1 192 192
36 5 4 1 1 192 192
36 5 5 1 1 192 192
36 5 6 1 1 192 192
36 5 7 1 1 192 192
36 5 8 1 1 192 192
36 5 9 1 1 192 192
36 5 10 1 1 192 192
36 5 11 1 1 100 143
36 6 1 1 1 192 192
36 6 2 1 1 192 192
36 6 3 1 1 192 192
36 6 4 1 1 192 192
36 6 5 1 1 192 192
36 6 6 1 1 192 192
36 6 7 1 1 192 192
36 6 8 1 1 192 192
36 6 9 1 1 192 192
36 6 10 1 1 192 192
36 6 11 1 1 100 144
36 7 1 1 1 192 192
36 7 2 1 1 192 192
36 7 3 1 1 192 192
36 7 4 1 1 192 192
36 7 5 1 1 192 192
36 7 6 1 1 192 192
36 7 7 1 1 192 192
36 7 8 1 1 192 192
36 7 9 1 1 192 192
36 7 10 1 1 226 192
36 7 11 1 1 100 118
36 8 1 1 1 192 192
36 8 2 1 1 192 192
36 8 3 1 1 192 192
36 8 4 1 1 192 192
36 8 5 1 1 192 192
36 8 6 1 1 192 192
36 8 7 1 1 192 192
36 8 8 1 1 192 192
36 8 9 1 1 192 192
36 8 10 1 1 192 192
36 9 1 1 1 192 192
36 9 2 1 1 192 192
36 9 3 1 1 192 192
36 9 4 1 1 192 192
36 9 5 1 1 192 192
36 9 6 1 1 192 192
36 9 7 1 1 192 192
36 9 8 1 1 192 192
36 9 9 1 1 192 192
36 9 10 1 1 100 135
36 10 2 1 1 100 120
36 10 3 1 1 164 186
36 10 4 1 1 226 192
36 10 5 1 1 226 192
36 10 6 1 1 192 192
36 10 7 1 1 226 192
36 10 8 1 1 164 185
36 10 9 1 1 100 121
36 15 0 4 2 114 118
36 15 1 4 2 120 120
36 15 2 4 2 114 118
36 15 3 4 2 114 118
36 15 4 4 2 120 120
36 15 5 4 2 114 118
36 15 6 4 2 114 118
36 15 7 4 2 120 120
36 15 8 4 2 114 118
36 15 9 4 2 114 118
36 15 10 4 2 120 120
36 15 11 4 2 114 118
37 0 2 1 1 100 106
37 0 3 1 1 192 192
37 0 4 1 1 192 192
37 0 5 1 1 192 192
37 0 6 1 1 192 192
37 0 7 1 1 192 192
37 0 8 1 1 192 192
37 1 3 1 1 192 192
37 1 4 1 1 192 192
37 1 5 1 1 192 192
37 1 6 1 1 192 192
37 1 7 1 1 192 192
37 1 8 1 1 192 192
37 1 9 1 1 100 120
37 2 2 1 1 100 103
37 2 3 1 1 192 192
37 2 4 1 1 192 192
37 2 5 1 1 192 192
37 2 6 1 1 192 192
37 2 7 1 1 192 192
37 2 8 1 1 192 192
37 2 9 1 1 164 186
37 3 0 1 1 192 192
37 3 1 1 1 164 179
37 3 2 1 1 192 192
37 3 3 1 1 192 192
37 3 4 1 1 192 192
37 3 5 1 1 192 192
37 3 6 1 1 192 192
37 3 7 1 1 192 192
37 3 8 1 1 192 192
37 3 9 1 1 192 192
37 4 0 1 1 192 192
37 4 1 1 1 192 192
37 4 2 1 1 192 192
37 4 3 1 1 192 192
37 4 4 1 1 192 192
37 4 5 1 1 192 192
37 4 6 1 1 192 192
37 4 7 1 1 192 192
37 4 8 1 1 192 192
37 4 9 1 1 226 192
37 5 0 1 1 192 192
37 5 1 1 1 192 192
37 5 2 1 1 192 192
37 5 3 1 1 192 192
37 5 4 1 1 192 192
37 5 5 1 1 192 192
37 5 6 1 1 192 192
37 5 7 1 1 192 192
37 5 8 1 1 192 192
37 5 9 1 1 226 192
37 6 0 1 1 192 192
37 6 1 1 1 192 192
37 6 2 1 1 192 192
37 6 3 1 1 192 192
37 6 4 1 1 192 192
37 6 5 1 1 192 192
37 6 6 1 1 192 192
37 6 7 1 1 192 192
37 6 8 1 1 192 192
37 6 9 1 1 226 192
37 7 0 1 1 192 192
37 7 1 1 1 192 192
37 7 2 1 1 192 192
37 7 3 1 1 192 192
37 7 4 1 1 192 192
37 7 5 1 1 192 192
37 7 6 1 1 192 192
37 7 7 1 1 192 192
37 7 8 1 1 192 192
37 7 9 1 1 164 185
37 8 0 1 1 192 192
37 8 1 1 1 192 192
37 8 2 1 1 192 192
37 8 3 1 1 192 192
37 8 4 1 1 192 192
37 8 5 1 1 192 192
37 8 6 1 1 192 192
37 8 7 1 1 192 192
37 8 8 1 1 192 192
37 8 9 1 1 100 121
37 9 0 1 1 100 133
37 9 1 1 1 192 192
37 9 2 1 1 226 192
37 9 3 1 1 192 192
37 9 4 1 1 192 192
37 9 5 1 1 192 192
37 9 6 1 1 226 192
37 9 7 1 1 192 192
37 9 8 1 1 100 135
37 10 3 1 1 100 119
37 10 4 1 1 100 143
37 10 5 1 1 100 144
37 10 6 1 1 100 118
37 15 0 5 2 124 118
37 15 1 5 2 128 120
37 15 2 5 2 124 118
37 15 3 5 2 124 118
37 15 4 5 2 128 120
37 15 5 5 2 124 118
37 15 6 5 2 124 118
37 15 7 5 2 128 120
37 15 8 5 2 124 118
37 15 9 5 2 124 118
37 15 10 5 2 128 120
37 15 11 5 2 124 118
38 1 4 1 1 100 139
38 1 5 1 1 192 192
38 1 6 1 1 192 192
38 1 7 1 1 192 192
38 1 8 1 1 192 192
38 1 9 1 1 100 145
38 2 5 1 1 192 192
38 2 6 1 1 192 192
38 2 7 1 1 192 192
38 2 8 1 1 192 192
38 2 9 1 1 226 192
38 3 4 1 1 100 137
38 3 5 1 1 192 192
38 3 6 1 1 192 192
38 3 7 1 1 192 192
38 3 8 1 1 192 192
38 3 9 1 1 192 192
38 4 1 1 1 192 192
38 4 2 1 1 164 170
38 4 3 1 1 164 170
38 4 4 1 1 192 192
38 4 5 1 1 192 192
38 4 6 1 1 192 192
38 4 7 1 1 192 192
38 4 8 1 1 192 192
38 4 9 1 1 192 192
38 4 10 1 1 100 114
38 5 1 1 1 192 192
38 5 2 1 1 192 192
38 5 3 1 1 192 192
38 5 4 1 1 192 192
38 5 5 1 1 192 192
38 5 6 1 1 192 192
38 5 7 1 1 192 192
38 5 8 1 1 192 192
38 5 9 1 1 192 192
38 5 10 1 1 100 129
38 6 1 1 1 192 192
38 6 2 1 1 192 192
38 6 3 1 1 192 192
38 6 4 1 1 192 192
38 6 5 1 1 192 192
38 6 6 1 1 192 192
38 6 7 1 1 192 192
38 6 8 1 1 192 192
38 6 9 1 1 226 192
38 6 10 1 1 100 115
38 7 1 1 1 192 192
38 7 2 1 1 192 192
38 7 3 1 1 192 192
38 7 4 1 1 192 192
38 7 5 1 1 192 192
38 7 6 1 1 192 192
38 7 7 1 1 192 192
38 7 8 1 1 192 192
38 7 9 1 1 192 192
38 8 1 1 1 192 192
38 8 2 1 1 192 192
38 8 3 1 1 192 192
38 8 4 1 1 192 192
38 8 5 1 1 192 192
38 8 6 1 1 192 192
38 8 7 1 1 192 192
38 8 8 1 1 192 192
38 8 9 1 1 100 144
38 9 2 1 1 100 129
38 9 3 1 1 164 188
38 9 4 1 1 192 192
38 9 5 1 1 226 192
38 9 6 1 1 226 192
38 9 7 1 1 164 187
38 9 8 1 1 100 131
38 15 0 6 2 186 190
38 15 1 6 2 192 192
38 15 2 6 2 186 190
38 15 3 6 2 186 190
38 15 4 6 2 192 192
38 15 5 6 2 186 190
38 15 6 6 2 186 190
38 15 7 6 2 192 192
38 15 8 6 2 186 190
38 15 9 6 2 186 190
38 15 10 6 2 192 192
38 15 11 6 2 186 190
39 0 3 1 1 192 192
39 0 4 1 1 192 192
39 0 5 1 1 192 192
39 0 6 1 1 192 192
39 0 7 1 1 192 192
39 1 3 1 1 164 170
39 1 4 1 1 192 192
39 1 5 1 1 192 192
39 1 6 1 1 192 192
39 1 7 1 1 192 192
39 1 8 1 1 100 129
39 2 3 1 1 164 170
39 2 4 1 1 192 192
39 2 5 1 1 192 192
39 2 6 1 1 192 192
39 2 7 1 1 192 192
39 2 8 1 1 164 188
39 3 0 1 1 100 139
39 3 2 1 1 100 137
39 3 3 1 1 192 192
39 3 4 1 1 192 192
39 3 5 1 1 192 192
39 3 6 1 1 192 192
39 3 7 1 1 192 192
39 3 8 1 1 226 192
39 4 0 1 1 192 192
39 4 1 1 1 192 192
39 4 2 1 1 192 192
39 4 3 1 1 192 192
39 4 4 1 1 192 192
39 4 5 1 1 192 192
39 4 6 1 1 192 192
39 4 7 1 1 192 192
39 4 8 1 1 192 192
39 5 0 1 1 192 192
39 5 1 1 1 192 192
39 5 2 1 1 192 192
39 5 3 1 1 192 192
39 5 4 1 1 192 192
39 5 5 1 1 192 192
39 5 6 1 1 192 192
39 5 7 1 1 192 192
39 5 8 1 1 226 192
39 6 0 1 1 192 192
39 6 1 1 1 192 192
39 6 2 1 1 192 192
39 6 3 1 1 192 192
39 6 4 1 1 192 192
39 6 5 1 1 192 192
39 6 6 1 1 192 192
39 6 7 1 1 192 192
39 6 8 1 1 164 187
39 7 0 1 1 192 192
39 7 1 1 1 192 192
39 7 2 1 1 192 192
39 7 3 1 1 192 192
39 7 4 1 1 192 192
39 7 5 1 1 192 192
39 7 6 1 1 192 192
39 7 7 1 1 192 192
39 7 8 1 1 100 131
39 8 0 1 1 100 145
39 8 1 1 1 192 192
39 8 2 1 1 226 192
39 8 3 1 1 192 192
39 8 4 1 1 192 192
39 8 5 1 1 226 192
39 8 6 1 1 192 192
39 8 7 1 1 100 144
39 9 3 1 1 100 114
39 9 4 1 1 100 129
39 9 5 1 1 100 115
39 15 0 7 2 202 206
39 15 1 7 2 208 208
39 15 2 7 2 202 206
39 15 3 7 2 202 206
39 15 4 7 2 208 208
39 15 5 7 2 202 206
39 15 6 7 2 202 206
39 15 7 7 2 208 208
39 15 8 7 2 202 206
39 15 9 7 2 202 206
39 15 10 7 2 208 208
39 15 11 7 2 202 206
40 1 4 1 1 100 139
40 1 5 1 1 192 192
40 1 6 1 1 192 192
40 1 7 1 1 192 192
40 1 8 1 1 100 138
40 2 5 1 1 192 192
40 2 6 1 1 192 192
40 2 7 1 1 192 192
40 2 8 1 1 226 192
40 3 4 1 1 100 137
40 3 5 1 1 192 192
40 3 6 1 1 192 192
40 3 7 1 1 192 192
40 3 8 1 1 226 192
40 4 1 1 1 192 192
40 4 2 1 1 164 170
40 4 3 1 1 164 170
40 4 4 1 1 192 192
40 4 5 1 1 192 192
40 4 6 1 1 192 192
40 4 7 1 1 192 192
40 4 8 1 1 192 192
40 5 1 1 1 192 192
40 5 2 1 1 192 192
40 5 3 1 1 192 192
40 5 4 1 1 192 192
40 5 5 1 1 192 192
40 5 6 1 1 192 192
40 5 7 1 1 192 192
40 5 8 1 1 226 192
40 6 1 1 1 192 192
40 6 2 1 1 192 192
40 6 3 1 1 192 192
40 6 4 1 1 192 192
40 6 5 1 1 192 192
40 6 6 1 1 192 192
40 6 7 1 1 192 192
40 6 8 1 1 226 192
40 7 1 1 1 192 192
40 7 2 1 1 192 192
40 7 3 1 1 192 192
40 7 4 1 1 192 192
40 7 5 1 1 192 192
40 7 6 1 1 192 192
40 7 7 1 1 192 192
40 7 8 1 1 100 139
40 8 2 1 1 100 122
40 8 3 1 1 164 181
40 8 4 1 1 164 192
40 8 5 1 1 164 192
40 8 6 1 1 164 179
40 8 7 1 1 100 123
40 15 0 8 2 266 270
40 15 1 8 2 272 272
40 15 2 8 2 274 278
40 15 3 8 2 274 278
40 15 4 8 2 272 272
40 15 5 8 2 266 270
40 15 6 8 2 266 270
40 15 7 8 2 272 272
40 15 8 8 2 274 278
40 15 9 8 2 274 278
40 15 10 8 2 272 272
40 15 11 8 2 266 270
41 0 3 1 1 192 192
41 0 4 1 1 192 192
41 0 5 1 1 192 192
41 0 6 1 1 192 192
41 1 3 1 1 164 170
41 1 4 1 1 192 192
41 1 5 1 1 192 192
41 1 6 1 1 192 192
41 1 7 1 1 100 122
41 2 3 1 1 164 170
41 2 4 1 1 192 192
41 2 5 1 1 192 192
41 2 6 1 1 192 192
41 2 7 1 1 164 181
41 3 0 1 1 100 139
41 3 2 1 1 100 137
41 3 3 1 1 192 192
41 3 4 1 1 192 192
41 3 5 1 1 192 192
41 3 6 1 1 192 192
41 3 7 1 1 164 192
41 4 0 1 1 192 192
41 4 1 1 1 192 192
41 4 2 1 1 192 192
41 4 3 1 1 192 192
41 4 4 1 1 192 192
41 4 5 1 1 192 192
41 4 6 1 1 192 192
41 4 7 1 1 164 192
41 5 0 1 1 192 192
41 5 1 1 1 192 192
41 5 2 1 1 192 192
41 5 3 1 1 192 192
41 5 4 1 1 192 192
41 5 5 1 1 192 192
41 5 6 1 1 192 192
41 5 7 1 1 164 179
41 6 0 1 1 192 192
41 6 1 1 1 192 192
41 6 2 1 1 192 192
41 6 3 1 1 192 192
41 6 4 1 1 192 192
41 6 5 1 1 192 192
41 6 6 1 1 192 192
41 6 7 1 1 100 123
41 7 0 1 1 100 138
41 7 1 1 1 226 192
41 7 2 1 1 192 192
41 7 3 1 1 226 192
41 7 4 1 1 226 192
41 7 5 1 1 226 192
41 7 6 1 1 100 139
41 15 0 9 2 276 270
41 15 1 9 2 280 272
41 15 2 9 2 284 278
41 15 3 9 2 284 278
41 15 4 9 2 280 272
41 15 5 9 2 276 270
41 15 6 9 2 276 270
41 15 7 9 2 280 272
41 15 8 9 2 284 278
41 15 9 9 2 284 278
41 15 10 9 2 280 272
41 15 11 9 2 276 270
42 1 4 1 1 100 139
42 1 5 1 1 192 192
42 1 6 1 1 192 192
42 1 7 1 1 192 192
42 1 8 1 1 100 138
42 2 5 1 1 192 192
42 2 6 1 1 192 192
42 2 7 1 1 192 192
42 2 8 1 1 226 192
42 3 4 1 1 100 137
42 3 5 1 1 192 192
42 3 6 1 1 192 192
42 3 7 1 1 192 192
42 3 8 1 1 226 192
42 4 1 1 1 192 192
42 4 2 1 1 164 170
42 4 3 1 1 164 170
42 4 4 1 1 192 192
42 4 5 1 1 192 192
42 4 6 1 1 192 192
42 4 7 1 1 192 192
42 4 8 1 1 192 192
42 5 1 1 1 192 192
42 5 2 1 1 192 192
42 5 3 1 1 192 192
42 5 4 1 1 192 192
42 5 5 1 1 192 192
42 5 6 1 1 192 192
42 5 7 1 1 192 192
42 5 8 1 1 226 192
42 6 1 1 1 192 192
42 6 2 1 1 192 192
42 6 3 1 1 192 192
42 6 4 1 1 192 192
42 6 5 1 1 192 192
42 6 6 1 1 192 192
42 6 7 1 1 192 192
42 6 8 1 1 226 192
42 7 1 1 1 192 192
42 7 2 1 1 192 192
42 7 3 1 1 192 192
42 7 4 1 1 192 192
42 7 5 1 1 192 192
42 7 6 1 1 192 192
42 7 7 1 1 192 192
42 7 8 1 1 100 139
42 8 2 1 1 100 122
42 8 3 1 1 164 181
42 8 4 1 1 164 192
42 8 5 1 1 164 192
42 8 6 1 1 164 179
42 8 7 1 1 100 123
42 15 0 9 2 276 270
42 15 1 9 2 280 272
42 15 2 9 2 284 278
42 15 3 9 2 284 278
42 15 4 9 2 280 272
42 15 5 9 2 276 270
42 15 6 9 2 276 270
42 15 7 9 2 280 272
42 15 8 9 2 284 278
42 15 9 9 2 284 278
42 15 10 9 2 280 272
42 15 11 9 2 276 270
43 0 3 1 1 192 192
43 0 4 1 1 192 192
43 0 5 1 1 192 192
43 0 6 1 1 192 192
43 1 3 1 1 164 170
43 1 4 1 1 192 192
43 1 5 1 1 192 192
43 1 6 1 1 192 192
43 1 7 1 1 100 122
43 2 3 1 1 164 170
43 2 4 1 1 192 192
43 2 5 1 1 192 192
43 2 6 1 1 192 192
43 2 7 1 1 164 181
43 3 0 1 1 100 139
43 3 2 1 1 100 137
43 3 3 1 1 192 192
43 3 4 1 1 192 192
43 3 5 1 1 192 192
43 3 6 1 1 192 192
43 3 7 1 1 164 192
43 4 0 1 1 192 192
43 4 1 1 1 192 192
43 4 2 1 1 192 192
43 4 3 1 1 192 192
43 4 4 1 1 192 192
43 4 5 1 1 192 192
43 4 6 1 1 192 192
43 4 7 1 1 164 192
43 5 0 1 1 192 192
43 5 1 1 1 192 192
43 5 2 1 1 192 192
43 5 3 1 1 192 192
43 5 4 1 1 192 192
43 5 5 1 1 192 192
43 5 6 1 1 192 192
43 5 7 1 1 164 179
43 6 0 1 1 192 192
43 6 1 1 1 192 192
43 6 2 1 1 192 192
43 6 3 1 1 192 192
43 6 4 1 1 192 192
43 6 5 1 1 192 192
43 6 6 1 1 192 192
43 6 7 1 1 100 123
43 7 0 1 1 100 138
43 7 1 1 1 226 192
43 7 2 1 1 192 192
43 7 3 1 1 226 192
43 7 4 1 1 226 192
43 7 5 1 1 226 192
43 7 6 1 1 100 139
43 15 0 9 2 276 270
43 15 1 9 2 280 272
43 15 2 9 2 284 278
43 15 3 9 2 284 278
43 15 4 9 2 280 272
43 15 5 9 2 276 270
43 15 6 9 2 276 270
43 15 7 9 2 280 272
43 15 8 9 2 284 278
43 15 9 9 2 284 278
43 15 10 9 2 280 272
43 15 11 9 2 276 270
44 1 4 1 1 100 139
44 1 5 1 1 192 192
44 1 6 1 1 192 192
44 1 7 1 1 100 145
44 2 5 1 1 192 192
44 2 6 1 1 192 192
44 2 7 1 1 192 192
44 3 4 1 1 100 137
44 3 5 1 1 192 192
44 3 6 1 1 192 192
44 3 7 1 1 226 192
44 4 1 1 1 192 192
44 4 2 1 1 164 170
44 4 3 1 1 164 170
44 4 4 1 1 192 192
44 4 5 1 1 192 192
44 4 6 1 1 192 192
44 4 7 1 1 226 192
44 5 1 1 1 192 192
44 5 2 1 1 192 192
44 5 3 1 1 192 192
44 5 4 1 1 192 192
44 5 5 1 1 192 192
44 5 6 1 1 192 192
44 5 7 1 1 226 192
44 6 1 1 1 192 192
44 6 2 1 1 192 192
44 6 3 1 1 192 192
44 6 4 1 1 192 192
44 6 5 1 1 192 192
44 6 6 1 1 192 192
44 6 7 1 1 100 146
44 7 2 1 1 100 125
44 7 3 1 1 164 179
44 7 4 1 1 164 189
44 7 5 1 1 164 176
44 7 6 1 1 100 127
44 15 0 10 2 332 326
44 15 1 10 2 328 320
44 15 2 10 2 332 326
44 15 3 10 2 332 326
44 15 4 10 2 328 320
44 15 5 10 2 332 326
44 15 6 10 2 332 326
44 15 7 10 2 328 320
44 15 8 10 2 332 326
44 15 9 10 2 332 326
44 15 10 10 2 328 320
44 15 11 10 2 332 326
45 0 3 1 1 192 192
45 0 4 1 1 192 192
45 0 5 1 1 192 192
45 1 3 1 1 164 170
45 1 4 1 1 192 192
45 1 5 1 1 192 192
45 1 6 1 1 100 125
45 2 3 1 1 164 170
45 2 4 1 1 192 192
45 2 5 1 1 192 192
45 2 6 1 1 164 179
45 3 0 1 1 100 139
45 3 2 1 1 100 137
45 3 3 1 1 192 192
45 3 4 1 1 192 192
45 3 5 1 1 192 192
45 3 6 1 1 164 189
45 4 0 1 1 192 192
45 4 1 1 1 192 192
45 4 2 1 1 192 192
45 4 3 1 1 192 192
45 4 4 1 1 192 192
45 4 5 1 1 192 192
45 4 6 1 1 164 176
45 5 0 1 1 192 192
45 5 1 1 1 192 192
45 5 2 1 1 192 192
45 5 3 1 1 192 192
45 5 4 1 1 192 192
45 5 5 1 1 192 192
45 5 6 1 1 100 127
45 6 0 1 1 100 145
45 6 1 1 1 226 192
45 6 2 1 1 226 192
45 6 3 1 1 192 192
45 6 4 1 1 226 192
45 6 5 1 1 100 146
45 15 0 10 2 332 326
45 15 1 10 2 328 320
45 15 2 10 2 332 326
45 15 3 10 2 332 326
45 15 4 10 2 328 320
45 15 5 10 2 332 326
45 15 6 10 2 332 326
45 15 7 10 2 328 320
45 15 8 10 2 332 326
45 15 9 10 2 332 326
45 15 10 10 2 328 320
45 15 11 10 2 332 326
46 1 4 1 1 100 139
46 1 5 1 1 192 192
46 1 6 1 1 192 192
46 1 7 1 1 100 145
46 2 5 1 1 192 192
46 2 6 1 1 192 192
46 2 7 1 1 192 192
46 3 4 1 1 100 137
46 3 5 1 1 192 192
46 3 6 1 1 192 192
46 3 7 1 1 226 192
46 4 1 1 1 192 192
46 4 2 1 1 164 170
46 4 3 1 1 164 170
46 4 4 1 1 192 192
46 4 5 1 1 192 192
46 4 6 1 1 192 192
46 4 7 1 1 226 192
46 5 1 1 1 192 192
46 5 2 1 1 192 192
46 5 3 1 1 192 192
46 5 4 1 1 192 192
46 5 5 1 1 192 192
46 5 6 1 1 192 192
46 5 7 1 1 226 192
46 6 1 1 1 192 192
46 6 2 1 1 192 192
46 6 3 1 1 192 192
46 6 4 1 1 192 192
46 6 5 1 1 192 192
46 6 6 1 1 192 192
46 6 7 1 1 100 146
46 7 2 1 1 100 125
46 7 3 1 1 164 179
46 7 4 1 1 164 189
46 7 5 1 1 164 176
46 7 6 1 1 100 127
46 15 0 10 2 332 326
46 15 1 10 2 328 320
46 15 2 10 2 332 326
46 15 3 10 2 332 326
46 15 4 10 2 328 320
46 15 5 10 2 332 326
46 15 6 10 2 332 326
46 15 7 10 2 328 320
46 15 8 10 2 332 326
46 15 9 10 2 332 326
46 15 10 10 2 328 320
46 15 11 10 2 332 326
47 0 3 1 1 192 192
47 0 4 1 1 192 192
47 0 5 1 1 192 192
47 1 3 1 1 164 170
47 1 4 1 1 192 192
47 1 5 1 1 192 192
47 1 6 1 1 100 125
47 2 3 1 1 164 170
47 2 4 1 1 192 192
47 2 5 1 1 192 192
47 2 6 1 1 164 179
47 3 0 1 1 100 139
47 3 2 1 1 100 137
47 3 3 1 1 192 192
47 3 4 1 1 192 192
47 3 5 1 1 192 192
47 3 6 1 1 164 189
47 4 0 1 1 192 192
47 4 1 1 1 192 192
47 4 2 1 1 192 192
47 4 3 1 1 192 192
47 4 4 1 1 192 192
47 4 5 1 1 192 192
47 4 6 1 1 164 176
47 5 0 1 1 192 192
47 5 1 1 1 192 192
47 5 2 1 1 192 192
47 5 3 1 1 192 192
47 5 4 1 1 192 192
47 5 5 1 1 192 192
47 5 6 1 1 100 127
47 6 0 1 1 100 145
47 6 1 1 1 226 192
47 6 2 1 1 226 192
47 6 3 1 1 192 192
47 6 4 1 1 226 192
47 6 5 1 1 100 146
47 15 0 11 2 320 312
47 15 1 11 2 312 304
47 15 2 11 2 320 312
47 15 3 11 2 320 312
47 15 4 11 2 312 304
47 15 5 11 2 320 312
47 15 6 11 2 320 312
47 15 7 11 2 312 304
47 15 8 11 2 320 312
47 15 9 11 2 320 312
47 15 10 11 2 312 304
47 15 11 11 2 320 312
